1 53.0 125.0 144.0 96.0
1 153 36 90 60
1 245.0 241.0 144.0 96.0
1 281 171 90 60
1 143 218 90 60
1 253.0 73.0 144.0 96.0
1 281 1 90 60
2 61.0 74.0 240.0 160.0
2 333 16 90 60
2 294.0 204.0 120.0 80.0
2 316 138 90 60
3 26 86 180 120
3 206 163 90 60
3 177.0 237.0 144.0 96.0
3 358 146 90 60
3 326 21 90 60
4 143 91 90 60
5 73 211 90 60
5 181 473 90 60
5 293 473 90 60
5 223 116 90 60
5 223 286 90 60
5 106 363 90 60
5 231 178 90 60
5 177.0 37.0 120.0 80.0
5 48 306 90 60
5 326 261 90 60
6 114.0 141.0 120.0 80.0
6 298 213 90 60
6 283 96 90 60
6 148 311 90 60
6 56 296 90 60
6 291.0 274.0 120.0 80.0
6 91 16 90 60
7 138 168 90 60
7 166 91 90 60
7 293 93 90 60
7 313 26 90 60
7 263 176 90 60
9 61 131 180 120
9 281.0 4.0 120.0 80.0
9 336 253 90 60
9 328 98 90 60
10 16 141 90 60
10 41.0 244.0 120.0 80.0
10 191 248 90 60
10 171 73 90 60
10 206 133 90 60
10 18 66 90 60
11 101.0 61.0 240.0 160.0
12 51.0 244.0 120.0 80.0
12 183 68 90 60
12 41.0 351.0 120.0 80.0
12 201 333 90 60
12 61 161 90 60
12 63 43 90 60
13 94.0 137.0 120.0 80.0
13 281.0 81.0 120.0 80.0
13 51.0 51.0 120.0 80.0
14 51.0 147.0 120.0 80.0
14 188 253 90 60
14 261.0 44.0 120.0 80.0
14 186 143 90 60
14 98 253 90 60
14 331 273 90 60
15 48 93 90 60
16 37.0 133.0 144.0 96.0
16 216 76 180 120
16 288 281 90 60
18 67.0 54.0 240.0 160.0
19 47.0 101.0 240.0 160.0
19 316 93 90 60
19 333 168 90 60
19 47.0 11.0 120.0 80.0
19 201 23 90 60
20 254.0 31.0 120.0 80.0
20 228 153 90 60
20 51 101 180 120
20 93 28 90 60
20 126 293 90 60
20 323 176 90 60
20 297.0 337.0 120.0 80.0
20 283 248 90 60
20 68 231 90 60
20 151 353 90 60
20 51 381 90 60
21 57.0 109.0 144.0 96.0
21 358 3 90 60
21 183 251 90 60
21 221 83 90 60
21 301 271 90 60
21 258 21 90 60
22 14.0 154.0 240.0 160.0
22 73 41 90 60
22 258 78 90 60
23 13.0 265.0 144.0 96.0
23 13.0 81.0 144.0 96.0
23 209.0 257.0 144.0 96.0
23 221.0 77.0 144.0 96.0
23 73 186 90 60
23 273 186 90 60
23 96 11 90 60
23 1 8 90 60
23 176 191 90 60
23 298 381 90 60
23 186 3 90 60
23 103 378 90 60
23 6 378 90 60
23 276 3 90 60
23 196 378 90 60
24 31 116 180 120
24 108 296 90 60
24 209.0 97.0 144.0 96.0
25 103 68 90 60
25 194.0 94.0 240.0 160.0
25 11 136 180 120
26 34.0 87.0 240.0 160.0
26 283 151 90 60
26 233 16 90 60
27 28 143 90 60
27 298 113 90 60
27 21.0 294.0 120.0 80.0
27 53 213 90 60
27 153 26 90 60
27 265.0 1.0 144.0 96.0
27 153 218 90 60
27 143 86 90 60
27 43 41 90 60
27 266 236 90 60
28 26 61 90 60
28 66 333 90 60
28 66 206 90 60
28 41 136 90 60
28 116 391 90 60
28 183 3 90 60
28 196 313 90 60
28 163 223 90 60
29 14.0 121.0 120.0 80.0
29 296 128 90 60
29 167.0 114.0 120.0 80.0
29 54.0 211.0 120.0 80.0
29 131 21 90 60
29 23 46 90 60
30 7.0 271.0 120.0 80.0
30 45.0 137.0 144.0 96.0
30 338 13 90 60
30 173 6 90 60
31 61.0 41.0 240.0 160.0
31 216 223 90 60
32 101 61 180 120
32 173 216 90 60
32 51.0 234.0 120.0 80.0
32 303 203 90 60
32 296 106 90 60
32 18 148 90 60
32 281 266 90 60
32 58 6 90 60
33 67.0 101.0 240.0 160.0
33 58 23 90 60
34 131 173 90 60
34 246 163 90 60
34 356 156 90 60
34 286 66 90 60
34 151 251 90 60
35 117.0 64.0 120.0 80.0
35 33.0 169.0 144.0 96.0
35 26 106 90 60
35 208 206 90 60
35 291 273 90 60
35 1 1 90 60
35 287.0 77.0 120.0 80.0
37 33.0 145.0 144.0 96.0
37 177.0 54.0 120.0 80.0
37 193 278 90 60
37 171 218 90 60
37 1 348 90 60
38 284.0 331.0 120.0 80.0
38 121 246 90 60
38 188 71 90 60
38 241 266 90 60
38 147.0 404.0 120.0 80.0
38 217.0 524.0 120.0 80.0
38 188 141 90 60
39 81.0 157.0 120.0 80.0
39 69.0 57.0 144.0 96.0
39 209.0 113.0 144.0 96.0
39 273 253 90 60
39 308 48 90 60
40 73.0 101.0 144.0 96.0
40 211 173 90 60
40 307.0 187.0 120.0 80.0
40 231 3 90 60
40 361 86 90 60
40 123 206 90 60
41 11.0 97.0 120.0 80.0
41 361 101 90 60
41 301 236 90 60
41 113 33 90 60
41 343 41 90 60
42 27.0 101.0 240.0 160.0
42 321.0 34.0 120.0 80.0
42 203 43 90 60
42 276 128 90 60
42 188 256 90 60
43 77.0 134.0 120.0 80.0
43 156 346 90 60
43 146 263 90 60
43 266 263 90 60
43 268 18 90 60
43 163 61 90 60
44 54.0 74.0 240.0 160.0
44 301 93 90 60
45 13.0 253.0 144.0 96.0
45 156 236 90 60
46 44.0 197.0 120.0 80.0
46 68 278 90 60
46 58 103 90 60
46 214.0 124.0 120.0 80.0
46 203 366 90 60
47 89.0 81.0 144.0 96.0
47 231.0 124.0 120.0 80.0
47 187.0 247.0 120.0 80.0
47 243 1 90 60
47 6 216 90 60
48 37.0 111.0 120.0 80.0
48 306 233 90 60
49 37.0 194.0 120.0 80.0
49 33.0 349.0 144.0 96.0
49 206 253 90 60
49 216 161 90 60
50 41.0 74.0 120.0 80.0
50 181.0 154.0 120.0 80.0
50 221 51 90 60
50 46 1 90 60
50 303 133 90 60
50 316 58 90 60
51 49.0 65.0 144.0 96.0
51 25.0 225.0 144.0 96.0
51 28 3 90 60
52 7.0 131.0 120.0 80.0
52 321.0 171.0 120.0 80.0
52 11.0 227.0 120.0 80.0
52 333 101 90 60
52 223 71 90 60
52 258 251 90 60
52 286 8 90 60
52 1 28 90 60
53 41.0 87.0 240.0 160.0
54 64.0 151.0 120.0 80.0
54 101 91 90 60
54 214.0 307.0 120.0 80.0
55 41.0 145.0 144.0 96.0
55 34.0 251.0 120.0 80.0
55 78 66 90 60
55 261 373 90 60
55 211.0 171.0 120.0 80.0
55 258 48 90 60
55 1 13 90 60
56 24.0 194.0 120.0 80.0
56 57.0 77.0 120.0 80.0
56 253 391 90 60
56 216 178 90 60
56 161 256 90 60
57 6 86 180 120
57 38 13 90 60
57 341 68 90 60
57 63 221 90 60
57 136 31 90 60
58 41 258 90 60
58 17.0 24.0 120.0 80.0
58 14.0 341.0 120.0 80.0
58 17.0 144.0 120.0 80.0
59 31 183 90 60
59 34.0 44.0 120.0 80.0
59 156 221 90 60
59 171 158 90 60
59 336 238 90 60
59 211 98 90 60
59 313 123 90 60
59 351 8 90 60
60 61.0 167.0 120.0 80.0
60 206 291 90 60
60 91 286 90 60
60 186 223 90 60
60 203 78 90 60
60 191 151 90 60
61 256 21 90 60
61 147.0 81.0 240.0 160.0
61 123 251 90 60
61 78 1 90 60
62 51 86 180 120
62 76 28 90 60
62 116 223 90 60
62 253.0 29.0 144.0 96.0
62 348 136 90 60
62 16 238 90 60
63 31 201 180 120
63 246 206 180 120
63 11 46 180 120
63 251 26 180 120
64 101.0 154.0 120.0 80.0
64 321 13 90 60
64 178 78 90 60
64 1 193 90 60
64 221 231 90 60
64 128 233 90 60
64 18 3 90 60
65 47.0 67.0 240.0 160.0
65 136 3 90 60
65 294.0 61.0 120.0 80.0
65 307.0 141.0 120.0 80.0
65 253 3 90 60
65 58 228 90 60
65 171 226 90 60
66 51 71 180 120
67 27.0 34.0 240.0 160.0
67 34.0 254.0 240.0 160.0
68 106 551 90 60
68 16 188 90 60
69 11.0 61.0 120.0 80.0
69 46 308 90 60
69 128 1 90 60
69 158 366 90 60
69 136 211 90 60
69 121 141 90 60
70 46 228 90 60
70 226 1 90 60
70 211 208 90 60
70 111 293 90 60
71 29.0 89.0 144.0 96.0
71 111.0 187.0 120.0 80.0
71 1 8 90 60
71 291.0 217.0 120.0 80.0
71 246 136 90 60
71 13 193 90 60
71 358 116 90 60
71 346 53 90 60
72 34.0 114.0 240.0 160.0
72 66 33 90 60
72 291 71 90 60
72 296 8 90 60
73 45.0 137.0 144.0 96.0
73 203 83 90 60
73 86 243 90 60
73 201.0 287.0 120.0 80.0
73 324.0 161.0 120.0 80.0
73 193 203 90 60
73 113 46 90 60
73 328 278 90 60
73 16 58 90 60
73 356 96 90 60
74 76 156 90 60
75 16 206 180 120
75 221.0 241.0 144.0 96.0
75 336 61 90 60
75 203 163 90 60
75 233 33 90 60
75 323 1 90 60
75 361 218 90 60
75 44.0 51.0 120.0 80.0
75 356 158 90 60
76 21 101 180 120
76 361 268 90 60
76 301.0 157.0 120.0 80.0
76 48 26 90 60
77 18 56 90 60
77 43 261 90 60
77 76 158 90 60
77 178 338 90 60
78 25.0 125.0 144.0 96.0
78 318 96 90 60
78 237.0 4.0 120.0 80.0
78 181 111 90 60
78 353 203 90 60
78 281 263 90 60
79 8 443 90 60
79 207.0 231.0 120.0 80.0
79 91.0 267.0 120.0 80.0
80 54.0 214.0 240.0 160.0
80 248 391 90 60
80 261 106 90 60
81 67.0 147.0 240.0 160.0
81 118 46 90 60
82 56 151 180 120
82 109.0 53.0 144.0 96.0
82 346 93 90 60
82 297.0 154.0 120.0 80.0
84 11.0 101.0 120.0 80.0
84 53 253 90 60
84 216 363 90 60
84 258 33 90 60
84 131.0 57.0 120.0 80.0
84 153.0 189.0 144.0 96.0
84 101 311 90 60
85 81.0 54.0 240.0 160.0
85 306 198 90 60
86 41 96 180 120
86 251 196 90 60
87 17.0 69.0 144.0 96.0
87 277.0 109.0 144.0 96.0
87 346 11 90 60
87 186 186 90 60
87 324.0 264.0 120.0 80.0
87 214.0 4.0 120.0 80.0
88 7.0 214.0 240.0 160.0
88 153 86 90 60
88 48 126 90 60
88 138 388 90 60
89 113.0 161.0 144.0 96.0
89 121.0 65.0 144.0 96.0
89 273 123 90 60
89 358 41 90 60
90 74.0 81.0 240.0 160.0
90 343 121 90 60
90 313 196 90 60
91 21 96 180 120
91 84.0 17.0 120.0 80.0
91 229.0 161.0 144.0 96.0
91 298 53 90 60
91 6 281 90 60
91 126 278 90 60
92 91.0 144.0 120.0 80.0
92 297.0 149.0 144.0 96.0
92 308 266 90 60
92 28 56 90 60
93 51.0 127.0 120.0 80.0
93 84.0 44.0 120.0 80.0
93 168 161 90 60
93 291 206 90 60
94 14.0 261.0 240.0 160.0
94 223 36 90 60
94 76 86 90 60
95 25.0 101.0 144.0 96.0
95 306 61 90 60
95 265.0 265.0 144.0 96.0
95 203 1 90 60
95 356 1 90 60
95 323 138 90 60
95 236 203 90 60
95 173 288 90 60
95 73 196 90 60
96 361 23 90 60
97 34.0 134.0 240.0 160.0
97 125.0 349.0 144.0 96.0
97 3 331 90 60
97 41 28 90 60
98 31.0 121.0 120.0 80.0
98 196 213 90 60
98 54.0 37.0 120.0 80.0
99 21.0 71.0 120.0 80.0
99 194.0 117.0 120.0 80.0
99 327.0 31.0 120.0 80.0
99 117.0 227.0 120.0 80.0
99 201 43 90 60
99 73 13 90 60
100 17.0 25.0 144.0 96.0
100 201.0 237.0 144.0 96.0
100 37.0 331.0 120.0 80.0
100 217.0 29.0 144.0 96.0
100 34.0 181.0 120.0 80.0
100 213.0 137.0 144.0 96.0
100 191 343 90 60
100 281 348 90 60
101 273 118 90 60
101 131 166 90 60
101 97.0 57.0 120.0 80.0
101 323 243 90 60
102 23 166 90 60
102 293 198 90 60
102 113 81 90 60
102 96 228 90 60
102 277.0 97.0 144.0 96.0
103 34.0 161.0 120.0 80.0
103 81.0 9.0 144.0 96.0
103 324.0 211.0 120.0 80.0
104 286 266 90 60
104 258 203 90 60
105 361 226 90 60
105 108 211 90 60
105 323 126 90 60
105 148 151 90 60
106 17.0 85.0 144.0 96.0
106 201 1 90 60
106 251.0 227.0 120.0 80.0
106 324.0 17.0 120.0 80.0
106 223 156 90 60
107 147.0 51.0 120.0 80.0
107 131 163 90 60
107 171 246 90 60
107 361 166 90 60
107 266 148 90 60
107 281.0 1.0 144.0 96.0
108 44.0 94.0 120.0 80.0
108 298 243 90 60
108 71.0 207.0 120.0 80.0
108 161 151 90 60
108 193 221 90 60
108 251 63 90 60
109 16 81 180 120
109 221 253 90 60
109 197.0 171.0 120.0 80.0
110 46 81 180 120
111 14.0 47.0 240.0 160.0
111 26 271 90 60
111 131.0 277.0 120.0 80.0
111 28 331 90 60
111 123 371 90 60
111 118 206 90 60
111 26 211 90 60
112 7.0 41.0 240.0 160.0
112 123 338 90 60
112 131 256 90 60
113 37.0 124.0 120.0 80.0
113 167.0 141.0 240.0 160.0
113 148 31 90 60
114 24.0 207.0 120.0 80.0
114 74.0 81.0 120.0 80.0
114 224.0 114.0 120.0 80.0
114 163 306 90 60
114 297.0 13.0 144.0 96.0
116 11.0 17.0 120.0 80.0
116 81.0 214.0 120.0 80.0
116 201 8 90 60
116 201 93 90 60
116 343 71 90 60
116 78 118 90 60
116 243 158 90 60
117 141 146 90 60
117 101.0 54.0 120.0 80.0
117 276 196 90 60
117 231 68 90 60
118 17.0 105.0 144.0 96.0
118 171 128 90 60
118 183 16 90 60
118 71 26 90 60
119 38 133 90 60
119 134.0 87.0 240.0 160.0
119 361 56 90 60
119 216 21 90 60
120 44.0 187.0 120.0 80.0
120 197.0 257.0 144.0 96.0
120 188 88 90 60
120 21.0 313.0 144.0 96.0
121 17.0 149.0 144.0 96.0
121 283 276 90 60
121 167.0 34.0 240.0 160.0
122 28 118 90 60
122 129.0 169.0 144.0 96.0
122 356 1 90 60
122 173.0 69.0 144.0 96.0
122 346 93 90 60
122 361 261 90 60
122 118 263 90 60
122 218 6 90 60
123 91 196 180 120
123 211.0 94.0 120.0 80.0
123 3 236 90 60
123 277.0 325.0 144.0 96.0
123 77.0 111.0 120.0 80.0
123 1.0 341.0 120.0 80.0
123 313 31 90 60
123 1 11 90 60
124 16 111 180 120
124 236 41 90 60
124 267.0 217.0 120.0 80.0
124 328 11 90 60
124 336 106 90 60
124 323 296 90 60
124 58 271 90 60
125 4.0 91.0 120.0 80.0
125 23 6 90 60
125 223 301 90 60
125 331 3 90 60
125 277.0 137.0 144.0 96.0
125 111 196 90 60
125 131 33 90 60
126 74.0 87.0 240.0 160.0
126 66 251 90 60
126 323 143 90 60
127 91 358 90 60
127 57.0 201.0 120.0 80.0
127 43 56 90 60
127 66 291 90 60
127 131.0 64.0 120.0 80.0
127 26 143 90 60
127 203 303 90 60
128 21.0 44.0 120.0 80.0
128 196 8 90 60
129 9.0 293.0 144.0 96.0
129 13.0 69.0 144.0 96.0
129 71 216 90 60
130 41 261 180 120
130 3 131 90 60
130 146 71 90 60
131 188 238 90 60
131 153 428 90 60
131 166 523 90 60
132 34.0 91.0 120.0 80.0
132 9.0 189.0 144.0 96.0
132 218 41 90 60
132 301 93 90 60
132 171.0 104.0 120.0 80.0
132 234.0 197.0 120.0 80.0
133 34.0 131.0 120.0 80.0
133 64.0 244.0 120.0 80.0
133 266 246 90 60
133 224.0 77.0 120.0 80.0
133 27.0 327.0 120.0 80.0
133 313 376 90 60
134 41.0 81.0 240.0 160.0
134 301.0 189.0 144.0 96.0
134 278 93 90 60
135 141 98 90 60
135 237.0 113.0 144.0 96.0
135 153 178 90 60
135 73 236 90 60
136 176 241 90 60
136 201 406 90 60
137 471.0 67.0 120.0 80.0
137 103 93 90 60
137 318 78 90 60
139 133 468 90 60
139 356 176 90 60
140 5.0 129.0 144.0 96.0
140 14.0 267.0 120.0 80.0
140 266 296 90 60
140 183 243 90 60
140 188 361 90 60
140 281 371 90 60
140 193 151 90 60
140 141 6 90 60
140 73 366 90 60
141 7.0 161.0 240.0 160.0
141 116 53 90 60
141 121 321 90 60
141 226 328 90 60
142 27.0 94.0 240.0 160.0
142 348 211 90 60
142 146 31 90 60
142 188 268 90 60
142 261 168 90 60
142 43 253 90 60
143 231 86 180 120
143 323 213 90 60
143 153 46 90 60
143 141 141 90 60
143 151 246 90 60
144 13.0 97.0 144.0 96.0
144 306 116 90 60
144 341 211 90 60
144 21 206 90 60
145 54.0 187.0 240.0 160.0
146 45.0 197.0 144.0 96.0
146 67.0 314.0 120.0 80.0
146 308 8 90 60
147 71 111 180 120
147 291 96 90 60
148 81.0 169.0 144.0 96.0
148 241 218 90 60
148 131 38 90 60
148 136 101 90 60
148 333 198 90 60
149 17.0 269.0 144.0 96.0
149 181.0 147.0 120.0 80.0
149 73 73 90 60
149 66 391 90 60
149 193 273 90 60
149 228 391 90 60
149 161 48 90 60
149 27.0 187.0 120.0 80.0
150 36 121 90 60
150 129.0 65.0 144.0 96.0
150 351 161 90 60
151 306 43 90 60
152 34.0 107.0 120.0 80.0
152 173.0 57.0 144.0 96.0
152 225.0 173.0 144.0 96.0
152 118 221 90 60
152 83 36 90 60
153 111 186 180 120
153 106 28 90 60
153 194.0 304.0 120.0 80.0
154 291.0 51.0 120.0 80.0
154 147.0 327.0 120.0 80.0
154 328 353 90 60
155 24.0 111.0 120.0 80.0
155 178 246 90 60
156 78 91 90 60
156 17.0 284.0 120.0 80.0
156 166 98 90 60
156 211 338 90 60
157 114.0 47.0 240.0 160.0
157 13 228 90 60
157 178 266 90 60
158 91.0 91.0 120.0 80.0
158 81 188 90 60
158 206 31 90 60
158 321 16 90 60
158 338 93 90 60
158 323 213 90 60
158 58 258 90 60
158 206 168 90 60
159 27.0 67.0 240.0 160.0
159 291 26 90 60
160 67.0 74.0 240.0 160.0
160 351 141 90 60
160 306 16 90 60
161 16 171 180 120
161 78 96 90 60
161 218 141 90 60
161 223 293 90 60
161 14.0 331.0 120.0 80.0
162 1.0 141.0 240.0 160.0
162 103 43 90 60
163 16 196 180 120
163 173 391 90 60
163 9.0 101.0 144.0 96.0
163 191 151 90 60
163 105.0 5.0 144.0 96.0
164 1.0 149.0 144.0 96.0
164 156 223 90 60
164 203 3 90 60
165 157.0 93.0 144.0 96.0
165 111 36 90 60
165 6 103 90 60
165 288 33 90 60
165 61 196 90 60
165 361 181 90 60
165 11 43 90 60
166 17.0 153.0 144.0 96.0
166 196 171 90 60
166 197.0 5.0 144.0 96.0
166 276 296 90 60
166 163 293 90 60
166 11.0 264.0 120.0 80.0
166 338 13 90 60
166 311 118 90 60
167 49.0 33.0 144.0 96.0
167 91 146 90 60
167 193 136 90 60
167 16 291 180 120
167 193 221 90 60
168 17.0 201.0 144.0 96.0
168 14.0 41.0 120.0 80.0
168 163 173 90 60
168 251 63 90 60
169 171 191 90 60
169 209.0 301.0 144.0 96.0
169 154.0 454.0 120.0 80.0
170 291 63 90 60
170 3 478 90 60
172 61.0 81.0 240.0 160.0
172 166 243 90 60
172 29.0 281.0 144.0 96.0
173 291 391 90 60
173 146 513 90 60
174 167.0 81.0 240.0 160.0
174 258 3 90 60
176 54.0 87.0 240.0 160.0
176 108 276 90 60
177 51.0 57.0 120.0 80.0
177 33 321 90 60
177 24.0 184.0 120.0 80.0
177 158 126 90 60
177 196 56 90 60
177 6 391 90 60
177 128 391 90 60
178 51 161 180 120
178 231 176 90 60
178 236 363 90 60
179 27.0 81.0 240.0 160.0
179 291.0 201.0 120.0 80.0
179 318 133 90 60
180 33.0 353.0 144.0 96.0
180 269.0 377.0 144.0 96.0
180 61.0 261.0 120.0 80.0
180 266 213 90 60
180 1.0 517.0 120.0 80.0
180 273 153 90 60
180 284.0 497.0 120.0 80.0
180 263 281 90 60
180 181 36 90 60
180 281 8 90 60
180 173 136 90 60
180 23 103 90 60
180 173 338 90 60
180 17.0 161.0 144.0 96.0
180 383 578 90 60
180 148 556 90 60
181 21 213 90 60
181 141.0 171.0 120.0 80.0
181 23 38 90 60
181 163 251 90 60
181 16 288 90 60
181 21 151 90 60
181 168 36 90 60
181 153 386 90 60
182 147.0 87.0 240.0 160.0
182 6 1 90 60
182 253 8 90 60
183 17.0 77.0 120.0 80.0
183 323 76 90 60
184 98 201 90 60
185 21.0 41.0 240.0 160.0
185 308 83 90 60
185 336 3 90 60
185 186 206 90 60
186 38 213 90 60
186 16 73 90 60
186 17.0 287.0 120.0 80.0
186 236 86 90 60
186 123 151 90 60
186 236 226 90 60
186 233 13 90 60
186 108 8 90 60
186 321 126 90 60
186 148 238 90 60
187 145.0 73.0 144.0 96.0
187 134.0 181.0 120.0 80.0
187 21.0 124.0 120.0 80.0
187 21 206 90 60
187 353 133 90 60
187 3 66 90 60
187 251 166 90 60
188 13.0 169.0 144.0 96.0
188 31 33 90 60
188 144.0 4.0 120.0 80.0
189 41.0 93.0 144.0 96.0
189 178 213 90 60
189 1 196 90 60
190 45.0 97.0 144.0 96.0
191 31.0 71.0 120.0 80.0
191 258 236 90 60
192 147.0 281.0 120.0 80.0
192 51 31 180 120
192 21 276 90 60
192 41.0 394.0 240.0 160.0
192 285.0 273.0 144.0 96.0
192 183 558 90 60
192 1 558 90 60
192 307.0 511.0 120.0 80.0
192 328 1 90 60
192 266 108 90 60
193 41 281 180 120
193 73 221 90 60
193 36 66 180 120
194 51 171 90 60
194 251 171 90 60
194 323 248 90 60
194 236 6 90 60
194 236 91 90 60
194 43 288 90 60
194 49.0 45.0 144.0 96.0
194 361 103 90 60
194 163 163 90 60
196 41.0 147.0 120.0 80.0
196 248 181 90 60
196 193 48 90 60
196 273 118 90 60
197 11.0 94.0 120.0 80.0
197 198 293 90 60
197 128 143 90 60
197 123 41 90 60
197 251 91 90 60
198 46 201 180 120
198 321.0 227.0 120.0 80.0
198 118 73 90 60
198 266 36 90 60
198 233 203 90 60
198 8 31 90 60
199 14.0 141.0 120.0 80.0
199 158 66 90 60
199 213 8 90 60
199 116 223 90 60
199 348 263 90 60
200 37.0 44.0 120.0 80.0
200 138 198 90 60
200 281 138 90 60
200 271 258 90 60
200 251 78 90 60
200 153 133 90 60
201 27.0 94.0 120.0 80.0
201 158 156 90 60
201 293 143 90 60
201 276 11 90 60
201 103 33 90 60
201 253 81 90 60
202 176 101 180 120
202 51 93 90 60
202 361 86 90 60
202 123 38 90 60
202 356 196 90 60
202 243 223 90 60
202 211 18 90 60
203 26 156 180 120
204 469.0 165.0 144.0 96.0
204 483 8 90 60
204 436 318 90 60
204 216 108 90 60
204 491 93 90 60
205 69.0 169.0 144.0 96.0
205 211.0 71.0 120.0 80.0
205 301.0 205.0 144.0 96.0
205 348 53 90 60
205 11 6 90 60
206 41.0 121.0 240.0 160.0
206 321 166 90 60
206 271.0 31.0 120.0 80.0
207 31.0 221.0 120.0 80.0
207 104.0 77.0 120.0 80.0
207 226 18 90 60
207 214.0 347.0 120.0 80.0
207 223 123 90 60
208 214.0 94.0 120.0 80.0
208 251 216 90 60
208 69.0 153.0 144.0 96.0
208 287.0 1.0 120.0 80.0
208 6 243 90 60
209 14.0 87.0 240.0 160.0
209 281.0 111.0 120.0 80.0
210 41.0 87.0 240.0 160.0
210 346 61 90 60
210 356 153 90 60
210 176 266 90 60
210 306 3 90 60
210 303 221 90 60
210 171 8 90 60
211 29.0 273.0 144.0 96.0
211 85.0 81.0 144.0 96.0
211 236 36 90 60
211 266 386 90 60
211 178 248 90 60
211 123 13 90 60
211 168 363 90 60
211 233 96 90 60
212 24.0 151.0 120.0 80.0
212 311.0 84.0 120.0 80.0
212 158 246 90 60
212 308 243 90 60
212 148 61 90 60
212 293 173 90 60
213 34.0 134.0 120.0 80.0
213 3 213 90 60
213 3 63 90 60
213 233 181 90 60
213 81 11 90 60
213 138 208 90 60
214 74.0 107.0 240.0 160.0
214 1 16 90 60
214 324.0 131.0 120.0 80.0
214 338 43 90 60
214 98 18 90 60
215 89.0 89.0 144.0 96.0
215 164.0 194.0 120.0 80.0
215 238 8 90 60
215 306 108 90 60
216 61.0 161.0 144.0 96.0
216 343 193 90 60
216 353 1 90 60
216 243 68 90 60
216 336 258 90 60
216 114.0 77.0 120.0 80.0
216 214.0 241.0 120.0 80.0
216 158 6 90 60
216 313 123 90 60
216 69.0 261.0 144.0 96.0
217 31 121 180 120
217 206 196 90 60
218 58 83 90 60
218 61 228 90 60
218 1 148 90 60
218 165.0 5.0 144.0 96.0
218 171.0 117.0 120.0 80.0
218 244.0 254.0 120.0 80.0
219 17.0 204.0 120.0 80.0
219 163 118 90 60
220 26 106 180 120
221 27.0 61.0 240.0 160.0
222 183 71 90 60
222 308 96 90 60
222 91 33 90 60
223 28 113 90 60
223 311 11 90 60
223 341 191 90 60
223 188 218 90 60
224 85.0 133.0 144.0 96.0
224 114.0 37.0 120.0 80.0
224 351 196 90 60
224 341 128 90 60
224 251 133 90 60
225 34.0 107.0 240.0 160.0
225 133 23 90 60
225 317.0 144.0 120.0 80.0
225 286 8 90 60
226 57.0 49.0 144.0 96.0
226 246 108 90 60
226 87.0 144.0 120.0 80.0
226 333 53 90 60
227 93 156 90 60
227 121 58 90 60
227 201 151 90 60
227 51 251 90 60
227 336 26 90 60
227 316 248 90 60
227 28 98 90 60
227 311 176 90 60
228 69.0 125.0 144.0 96.0
228 157.0 1.0 120.0 80.0
228 351 18 90 60
228 101.0 221.0 120.0 80.0
229 54.0 41.0 240.0 160.0
229 173 218 90 60
229 298 98 90 60
230 47.0 87.0 240.0 160.0
230 291 96 90 60
231 21.0 73.0 144.0 96.0
231 117.0 289.0 144.0 96.0
231 33 168 90 60
232 1.0 107.0 240.0 160.0
232 291 43 90 60
232 286 113 90 60
233 27.0 54.0 240.0 160.0
233 293 133 90 60
233 185.0 217.0 144.0 96.0
234 41.0 101.0 240.0 160.0
234 268 228 90 60
234 28 1 90 60
234 108 268 90 60
234 361 33 90 60
234 266 33 90 60
234 298 111 90 60
235 11 263 90 60
235 113.0 57.0 144.0 96.0
236 47.0 74.0 240.0 160.0
236 323 81 90 60
237 17.0 137.0 120.0 80.0
237 213 273 90 60
237 18 216 90 60
237 96 16 90 60
237 348 191 90 60
237 188 6 90 60
238 116 91 180 120
238 323 133 90 60
239 11.0 287.0 120.0 80.0
239 78 146 90 60
239 221 41 90 60
239 244.0 157.0 120.0 80.0
239 78 383 90 60
239 126 246 90 60
240 21.0 47.0 240.0 160.0
240 313 111 90 60
240 356 21 90 60
240 43 206 90 60
240 266 233 90 60
241 214.0 124.0 120.0 80.0
241 338 146 90 60
241 321 51 90 60
241 53 81 90 60
241 111 233 90 60
241 233 221 90 60
242 17.0 117.0 144.0 96.0
242 94.0 301.0 120.0 80.0
242 181 56 90 60
242 116 223 90 60
242 341 93 90 60
242 276 226 90 60
242 273 36 90 60
242 216 141 90 60
242 3 213 90 60
243 17.0 254.0 120.0 80.0
243 36 61 90 60
243 128 338 90 60
243 106 128 90 60
243 166 26 90 60
243 1 171 90 60
244 81.0 94.0 240.0 160.0
245 14.0 97.0 120.0 80.0
245 166 306 90 60
245 178 83 90 60
245 266 371 90 60
245 184.0 147.0 120.0 80.0
246 33.0 189.0 144.0 96.0
246 148 78 90 60
246 28 351 90 60
247 6 51 180 120
247 61 186 180 120
247 361 226 90 60
248 33 61 90 60
248 123 8 90 60
248 146 133 90 60
249 11.0 201.0 120.0 80.0
249 57.0 44.0 120.0 80.0
249 91.0 324.0 120.0 80.0
249 161.0 205.0 144.0 96.0
249 113 133 90 60
249 16 141 90 60
249 3 316 90 60
249 213 48 90 60
250 34.0 287.0 120.0 80.0
250 11.0 81.0 120.0 80.0
250 203 383 90 60
250 243 113 90 60
250 38 11 90 60
250 191 188 90 60
250 58 373 90 60
251 218 21 90 60
251 51 28 90 60
252 198 148 90 60
252 11.0 231.0 120.0 80.0
252 156 293 90 60
252 361 168 90 60
252 57.0 57.0 144.0 96.0
252 203 228 90 60
253 21 221 180 120
253 106 346 90 60
253 204.0 277.0 120.0 80.0
253 51 143 90 60
253 191 143 90 60
253 211 391 90 60
253 171 71 90 60
254 85.0 153.0 144.0 96.0
254 101.0 67.0 120.0 80.0
254 103 278 90 60
254 6 273 90 60
254 327.0 294.0 120.0 80.0
254 227.0 131.0 120.0 80.0
254 271.0 211.0 120.0 80.0
255 7.0 111.0 120.0 80.0
255 31 13 90 60
255 166 13 90 60
255 216 178 90 60
256 47.0 101.0 240.0 160.0
256 338 176 90 60
256 311 63 90 60
257 26 121 180 120
257 278 118 90 60
257 313 206 90 60
258 3 91 90 60
258 13 283 90 60
258 138 6 90 60
258 33 358 90 60
258 226 346 90 60
258 103 116 90 60
258 191 213 90 60
258 131 376 90 60
259 17.0 209.0 144.0 96.0
259 183 311 90 60
259 71 66 90 60
259 246 183 90 60
259 233 41 90 60
259 143 131 90 60
260 41.0 54.0 240.0 160.0
260 178 226 90 60
261 21.0 161.0 144.0 96.0
261 156 268 90 60
261 91 361 90 60
262 127.0 74.0 240.0 160.0
262 26 113 90 60
262 293 6 90 60
262 46 188 90 60
263 54.0 101.0 240.0 160.0
263 257.0 21.0 120.0 80.0
264 5.0 237.0 144.0 96.0
264 76 66 90 60
264 151 303 90 60
264 226 376 90 60
264 76 158 90 60
265 88 133 90 60
265 8 46 90 60
265 103 288 90 60
265 211 46 90 60
265 196 278 90 60
266 51 91 180 120
266 1 13 90 60
266 338 108 90 60
266 8 236 90 60
266 209.0 197.0 144.0 96.0
266 156 33 90 60
267 61.0 67.0 240.0 160.0
267 245.0 225.0 144.0 96.0
268 94.0 47.0 240.0 160.0
268 356 98 90 60
268 231 238 90 60
269 1 81 180 120
269 226 168 90 60
269 221 68 90 60
269 58 223 90 60
269 318 121 90 60
269 3 11 90 60
269 358 221 90 60
270 21.0 241.0 240.0 160.0
270 21.0 41.0 240.0 160.0
271 61.0 121.0 144.0 96.0
271 304.0 231.0 120.0 80.0
271 351 161 90 60
271 228 168 90 60
271 91.0 217.0 120.0 80.0
271 136 61 90 60
272 21.0 125.0 144.0 96.0
272 201.0 27.0 120.0 80.0
272 174.0 114.0 120.0 80.0
272 181 226 90 60
272 346 281 90 60
272 338 38 90 60
273 26 156 180 120
273 188 96 90 60
274 78 133 90 60
274 126 213 90 60
275 1.0 77.0 120.0 80.0
275 41 328 90 60
275 151 273 90 60
275 116 131 90 60
275 11 158 90 60
275 6 11 90 60
275 123 198 90 60
275 127.0 357.0 120.0 80.0
276 7.0 131.0 120.0 80.0
276 114.0 27.0 120.0 80.0
276 153 196 90 60
277 56 298 90 60
277 18 86 90 60
277 141 343 90 60
277 124.0 157.0 120.0 80.0
277 111 51 90 60
278 54.0 94.0 240.0 160.0
278 181 276 90 60
279 151 153 90 60
279 3 48 90 60
279 261.0 101.0 144.0 96.0
279 291 223 90 60
279 258 3 90 60
280 33.0 197.0 144.0 96.0
280 253 48 90 60
280 78 6 90 60
280 176 253 90 60
280 163 58 90 60
280 231.0 124.0 120.0 80.0
280 301 293 90 60
280 358 153 90 60
281 51 236 180 120
281 46 41 180 120
281 226 146 90 60
282 13.0 113.0 144.0 96.0
282 154.0 27.0 240.0 160.0
282 331 223 90 60
283 36 131 180 120
283 246 163 90 60
283 261 291 90 60
284 47.0 67.0 240.0 160.0
285 21 151 180 120
285 178 353 90 60
286 91.0 77.0 120.0 80.0
286 46 211 180 120
286 61 378 90 60
286 213 78 90 60
286 8 26 90 60
286 231 176 90 60
287 29.0 105.0 144.0 96.0
287 171 86 90 60
287 154.0 201.0 120.0 80.0
287 148 363 90 60
288 8 96 90 60
288 138 126 90 60
288 351 186 90 60
288 117.0 21.0 144.0 96.0
289 81.0 24.0 120.0 80.0
289 47.0 364.0 120.0 80.0
289 54.0 161.0 120.0 80.0
289 11 268 90 60
289 138 273 90 60
289 203 56 90 60
290 14.0 141.0 240.0 160.0
290 123 303 90 60
291 8 68 90 60
291 21 298 90 60
291 131.0 221.0 120.0 80.0
291 96 1 180 120
292 9.0 141.0 144.0 96.0
292 186 108 90 60
292 173.0 185.0 144.0 96.0
292 111 323 90 60
292 7.0 244.0 120.0 80.0
293 74.0 74.0 240.0 160.0
293 306 51 90 60
293 316 111 90 60
293 193 251 90 60
293 298 216 90 60
294 7.0 94.0 240.0 160.0
294 63 16 90 60
294 27.0 271.0 120.0 80.0
294 346 178 90 60
294 218 33 90 60
294 228 246 90 60
294 281 93 90 60
294 258 156 90 60
294 341 16 90 60
295 241 31 180 120
295 11 206 180 120
295 246 226 180 120
295 16 31 180 120
296 41.0 61.0 144.0 96.0
296 11 226 90 60
296 41.0 333.0 144.0 96.0
297 24.0 161.0 120.0 80.0
297 146 121 90 60
297 176 236 90 60
297 306 86 90 60
297 353 3 90 60
297 237.0 297.0 120.0 80.0
297 327.0 151.0 120.0 80.0
297 353 366 90 60
298 91 41 180 120
298 57.0 277.0 144.0 96.0
298 251 218 90 60
298 56 193 90 60
298 266 8 90 60
299 36 91 180 120
299 251 11 90 60
300 21.0 101.0 240.0 160.0
301 293 343 90 60
301 87.0 174.0 240.0 160.0
301 198 353 90 60
301 26 91 90 60
301 324.0 201.0 120.0 80.0
301 201 11 180 120
302 1 156 90 60
302 291 141 90 60
302 136 18 90 60
302 98 113 90 60
302 4.0 34.0 120.0 80.0
302 253.0 45.0 144.0 96.0
302 186 166 90 60
302 88 268 90 60
302 361 206 90 60
303 26 91 180 120
303 91 16 90 60
303 273 128 90 60
303 214.0 47.0 120.0 80.0
304 37.0 85.0 144.0 96.0
304 63 238 90 60
304 188 121 90 60
304 208 201 90 60
305 36 118 90 60
305 233 216 90 60
305 63 211 90 60
305 296 133 90 60
305 208 93 90 60
306 193 148 90 60
307 37.0 109.0 144.0 96.0
307 323 183 90 60
307 328 16 90 60
307 176 203 90 60
307 141.0 31.0 120.0 80.0
308 36 183 90 60
308 61 123 90 60
309 226 51 90 60
309 173 226 90 60
309 88 153 90 60
309 273 123 90 60
310 13 221 90 60
310 23 281 90 60
311 81 391 90 60
311 206 201 90 60
311 183 561 90 60
311 143 333 90 60
311 83 451 90 60
312 16 273 90 60
312 91 56 90 60
312 186 71 90 60
313 21 186 180 120
313 121 68 90 60
313 288 273 90 60
313 3 356 90 60
313 291 113 90 60
313 13 88 90 60
313 26 8 90 60
313 98 361 90 60
313 258 381 90 60
314 27.0 74.0 120.0 80.0
314 11.0 177.0 120.0 80.0
314 156 16 90 60
314 243 198 90 60
314 338 31 90 60
315 47.0 121.0 240.0 160.0
315 71 3 90 60
315 358 133 90 60
316 36 91 180 120
316 231 208 90 60
316 106 226 90 60
316 41.0 1.0 120.0 80.0
316 3 221 90 60
316 343 258 90 60
317 7.0 121.0 120.0 80.0
317 214.0 227.0 120.0 80.0
318 124.0 117.0 120.0 80.0
318 218 201 90 60
318 273 11 90 60
318 133 253 90 60
318 36 176 90 60
318 361 63 90 60
318 4.0 71.0 120.0 80.0
318 153 3 90 60
318 301 246 90 60
319 27.0 144.0 120.0 80.0
319 171 78 90 60
319 324.0 7.0 120.0 80.0
319 194.0 191.0 120.0 80.0
319 361 236 90 60
319 351 121 90 60
320 34.0 61.0 240.0 160.0
321 11 111 180 120
321 201.0 71.0 120.0 80.0
321 256 303 90 60
321 151 311 90 60
321 241 181 90 60
321 7.0 291.0 120.0 80.0
322 124.0 61.0 120.0 80.0
322 236 106 180 120
322 97.0 154.0 120.0 80.0
323 21.0 41.0 240.0 160.0
323 326 128 90 60
324 203 108 90 60
324 93 6 90 60
324 338 113 90 60
324 207.0 167.0 120.0 80.0
325 54.0 111.0 120.0 80.0
325 17.0 14.0 120.0 80.0
325 321 3 90 60
326 74.0 87.0 240.0 160.0
327 89.0 73.0 144.0 96.0
327 311.0 47.0 120.0 80.0
327 78 213 90 60
327 96 273 90 60
327 331.0 237.0 120.0 80.0
327 76 13 90 60
328 73 183 90 60
328 18 101 90 60
328 26 283 90 60
328 161.0 147.0 240.0 160.0
328 131 301 90 60
328 101 16 180 120
329 21.0 161.0 120.0 80.0
329 253 168 90 60
330 31.0 161.0 120.0 80.0
330 301 276 90 60
330 217.0 181.0 144.0 96.0
330 123 296 90 60
330 298 1 90 60
330 23 251 90 60
330 201 76 90 60
330 91 8 90 60
331 4.0 41.0 120.0 80.0
331 27.0 204.0 120.0 80.0
331 44.0 344.0 120.0 80.0
331 146 256 90 60
331 41.0 124.0 120.0 80.0
331 156 51 90 60
332 41.0 67.0 240.0 160.0
332 346 73 90 60
332 263 26 90 60
332 307.0 194.0 120.0 80.0
333 154.0 214.0 120.0 80.0
333 137.0 81.0 144.0 96.0
333 311 216 90 60
333 1 216 90 60
333 296 46 90 60
333 1 98 90 60
334 41.0 194.0 120.0 80.0
334 74.0 347.0 120.0 80.0
334 107.0 14.0 120.0 80.0
334 171 171 90 60
334 18 73 90 60
334 66 281 90 60
335 133.0 113.0 144.0 96.0
335 298 111 90 60
335 304.0 207.0 120.0 80.0
335 283 26 90 60
335 103 43 90 60
336 67.0 67.0 240.0 160.0
336 331.0 127.0 120.0 80.0
336 298 26 90 60
336 166 11 90 60
337 43 136 90 60
337 288 226 90 60
338 26 151 180 120
338 208 248 90 60
338 113 83 90 60
338 211 141 90 60
338 8 296 90 60
339 69.0 61.0 144.0 96.0
339 81.0 293.0 144.0 96.0
339 46 228 90 60
339 216 8 90 60
340 88 176 90 60
340 173.0 109.0 144.0 96.0
340 73 103 90 60
340 361 83 90 60
341 26 128 90 60
341 273 173 90 60
341 141.0 77.0 120.0 80.0
341 321 71 90 60
341 163 183 90 60
342 5.0 221.0 144.0 96.0
342 198 221 90 60
342 346 198 90 60
343 87.0 54.0 240.0 160.0
343 243 226 90 60
344 29.0 189.0 144.0 96.0
344 149.0 77.0 144.0 96.0
344 188 211 90 60
344 164.0 294.0 120.0 80.0
345 236 141 90 60
345 153 188 90 60
345 291 198 90 60
345 266 68 90 60
346 53.0 169.0 144.0 96.0
346 101 286 90 60
346 243 321 90 60
348 137.0 129.0 144.0 96.0
348 321 161 90 60
348 196 16 90 60
348 14.0 184.0 120.0 80.0
349 126 173 90 60
349 87.0 81.0 120.0 80.0
349 216 143 90 60
349 291 86 90 60
349 271 8 90 60
350 14.0 81.0 240.0 160.0
350 258 81 90 60
350 251 158 90 60
351 13 71 90 60
351 17.0 304.0 120.0 80.0
351 76 128 90 60
351 228 226 90 60
351 164.0 344.0 120.0 80.0
351 106 1 180 120
352 24.0 154.0 120.0 80.0
352 217.0 311.0 120.0 80.0
352 11 81 90 60
352 226 66 90 60
352 58 301 90 60
352 146 181 90 60
352 101 58 90 60
352 3 21 90 60
352 26 361 90 60
353 56 111 180 120
353 283 213 90 60
353 171 11 90 60
353 301 153 90 60
353 266 3 90 60
354 124.0 157.0 120.0 80.0
354 131.0 64.0 120.0 80.0
354 273 168 90 60
354 28 178 90 60
355 51 111 180 120
355 308 106 90 60
355 288 221 90 60
356 438 253 90 60
356 471 356 90 60
356 516 31 90 60
356 501 108 90 60
356 408 68 90 60
357 86 161 180 120
357 134.0 77.0 120.0 80.0
357 346 8 90 60
357 3 81 90 60
357 21 16 90 60
357 136 16 90 60
358 7.0 154.0 240.0 160.0
358 231 106 90 60
358 196 321 90 60
358 83 363 90 60
359 161 111 90 60
359 243 18 90 60
359 8 23 90 60
359 1 106 90 60
359 106 306 90 60
359 147.0 174.0 120.0 80.0
359 273 118 90 60
359 213 281 90 60
359 146 23 90 60
360 331 218 90 60
360 141.0 61.0 120.0 80.0
360 106 1 90 60
360 283 18 90 60
360 193 178 90 60
361 56 76 180 120
361 226 181 90 60
361 198 18 90 60
362 11 101 180 120
362 228 138 90 60
363 41 146 180 120
363 289.0 21.0 144.0 96.0
363 351 183 90 60
363 203 271 90 60
363 51 296 90 60
364 154.0 191.0 120.0 80.0
364 27.0 7.0 240.0 160.0
364 313 13 90 60
364 261.0 107.0 120.0 80.0
365 9.0 105.0 144.0 96.0
365 83 386 90 60
365 47.0 201.0 120.0 80.0
365 236 236 90 60
365 197.0 77.0 144.0 96.0
365 238 8 90 60
365 253 301 90 60
366 29.0 121.0 144.0 96.0
366 251 76 180 120
366 253 18 90 60
366 148 13 90 60
367 34.0 61.0 240.0 160.0
367 38 3 90 60
367 308 113 90 60
368 117.0 49.0 144.0 96.0
368 1.0 334.0 120.0 80.0
368 161 248 90 60
368 48 181 90 60
368 138 376 90 60
368 166 153 90 60
369 81.0 127.0 240.0 160.0
369 3 261 90 60
369 338 36 90 60
370 56 76 180 120
371 33.0 93.0 144.0 96.0
371 348 101 90 60
371 341 181 90 60
371 253 153 90 60
372 61 116 180 120
372 313 116 90 60
372 257.0 197.0 144.0 96.0
373 81 121 180 120
373 323 156 90 60
373 21.0 21.0 120.0 80.0
373 163 28 90 60
374 11.0 84.0 120.0 80.0
374 208 221 90 60
374 121.0 17.0 120.0 80.0
374 273 23 90 60
374 61 223 90 60
374 131 121 90 60
374 351 156 90 60
374 88 296 90 60
375 17.0 85.0 144.0 96.0
375 201 3 90 60
375 361 73 90 60
376 65.0 141.0 144.0 96.0
376 258 28 90 60
376 281 251 90 60
377 114.0 94.0 240.0 160.0
377 3 3 90 60
378 21.0 154.0 240.0 160.0
378 257.0 371.0 120.0 80.0
378 223 313 90 60
378 189.0 61.0 144.0 96.0
378 43 91 90 60
379 34.0 81.0 240.0 160.0
380 246 121 180 120
380 258 23 90 60
380 258 296 90 60
380 131.0 101.0 120.0 80.0
380 3 273 90 60
382 56 176 180 120
382 11 21 180 120
382 58 311 90 60
382 193 96 90 60
383 29.0 93.0 144.0 96.0
384 54.0 114.0 240.0 160.0
384 241 33 90 60
384 333 201 90 60
384 361 128 90 60
385 124.0 197.0 120.0 80.0
385 341 208 90 60
385 121.0 97.0 144.0 96.0
385 18 226 90 60
385 51 43 90 60
385 251 13 90 60
387 36 116 180 120
387 338 66 90 60
388 27.0 107.0 120.0 80.0
388 23 348 90 60
388 146 163 90 60
388 124.0 361.0 120.0 80.0
388 173 258 90 60
388 201 83 90 60
388 33 6 90 60
388 68 288 90 60
389 233 131 90 60
389 21.0 13.0 144.0 96.0
389 89.0 125.0 144.0 96.0
389 189.0 341.0 144.0 96.0
389 228 228 90 60
390 61 61 180 120
390 346 168 90 60
391 11.0 84.0 120.0 80.0
391 48 226 90 60
391 141 331 90 60
392 11.0 101.0 120.0 80.0
392 98 288 90 60
392 141 161 90 60
392 181 56 90 60
392 216 331 90 60
392 248 156 90 60
392 181 241 90 60
393 9.0 109.0 144.0 96.0
393 243 143 90 60
393 346 141 90 60
393 331 201 90 60
393 146 323 90 60
393 193 218 90 60
394 33.0 89.0 144.0 96.0
394 257.0 44.0 120.0 80.0
394 171.0 167.0 120.0 80.0
394 313 123 90 60
395 13.0 149.0 144.0 96.0
395 271 286 90 60
395 208 43 90 60
395 87.0 324.0 120.0 80.0
395 76 58 90 60
395 186 178 90 60
396 21.0 151.0 120.0 80.0
396 173.0 21.0 144.0 96.0
396 184.0 264.0 120.0 80.0
397 41.0 204.0 120.0 80.0
397 211 196 90 60
397 326 46 90 60
397 96 293 90 60
398 25.0 93.0 144.0 96.0
398 328 13 90 60
398 163 201 90 60
398 66 248 90 60
398 184.0 61.0 120.0 80.0
398 6 18 90 60
398 331.0 91.0 120.0 80.0
398 281 228 90 60
398 218 143 90 60
399 21 86 180 120
399 157.0 317.0 120.0 80.0
400 96 353 90 60
400 17.0 174.0 120.0 80.0
400 228 388 90 60
400 33 63 90 60
400 243 311 90 60
400 43 1 90 60
400 196 26 90 60
401 104.0 111.0 120.0 80.0
401 53 221 90 60
401 268 136 90 60
401 83 18 90 60
401 358 26 90 60
401 236 26 90 60
401 16 116 90 60
402 253 126 90 60
402 356 103 90 60
402 151.0 47.0 120.0 80.0
402 14.0 97.0 120.0 80.0
402 168 168 90 60
402 53 231 90 60
402 294.0 14.0 120.0 80.0
403 81 66 180 120
403 288 88 90 60
403 276 28 90 60
403 318 186 90 60
405 173 211 90 60
406 14.0 14.0 240.0 160.0
406 188 258 90 60
406 321 251 90 60
406 288 3 90 60
406 163 193 90 60
406 13 236 90 60
406 266 128 90 60
407 27.0 214.0 120.0 80.0
407 194.0 154.0 240.0 160.0
407 168 88 90 60
407 171 8 90 60
407 268 48 90 60
407 76 153 90 60
408 67.0 87.0 240.0 160.0
408 63 243 90 60
408 338 118 90 60
408 303 193 90 60
408 261 36 90 60
409 61.0 41.0 240.0 160.0
409 328 118 90 60
409 298 43 90 60
410 81 226 180 120
410 36 61 180 120
410 236 61 90 60
410 241 333 90 60
410 57.0 371.0 120.0 80.0
411 143 216 90 60
411 103 61 90 60
411 1.0 154.0 120.0 80.0
411 151 156 90 60
412 18 76 90 60
412 14.0 164.0 120.0 80.0
412 196 21 90 60
412 104.0 261.0 120.0 80.0
412 244.0 134.0 120.0 80.0
413 306 456 90 60
414 201 556 90 60
415 31 101 180 120
415 91 33 90 60
415 341 93 90 60
415 228 131 90 60
416 101.0 165.0 144.0 96.0
416 11 88 90 60
416 23 251 90 60
416 206 323 90 60
416 123 391 90 60
416 147.0 87.0 120.0 80.0
417 28 331 90 60
417 21.0 91.0 120.0 80.0
417 187.0 321.0 120.0 80.0
417 143 246 90 60
417 48 31 90 60
418 7.0 114.0 120.0 80.0
418 126 31 90 60
418 156 356 90 60
418 96 231 90 60
419 14.0 74.0 120.0 80.0
419 27.0 257.0 120.0 80.0
419 241 391 90 60
419 21 391 90 60
419 123 391 90 60
419 138 148 90 60
420 184.0 114.0 120.0 80.0
420 3 211 90 60
420 48 16 90 60
420 64.0 127.0 120.0 80.0
420 311 126 90 60
420 183 228 90 60
421 61.0 214.0 240.0 160.0
421 216 53 90 60
421 103 138 90 60
422 231 221 180 120
422 11 41 180 120
422 16 206 180 120
422 251 26 180 120
423 94.0 141.0 120.0 80.0
423 361 248 90 60
423 203 233 90 60
423 323 148 90 60
423 93 268 90 60
423 216 46 90 60
423 108 56 90 60
423 361 16 90 60
424 11.0 211.0 120.0 80.0
424 146 71 90 60
424 85.0 293.0 144.0 96.0
424 56 48 90 60
425 161 86 180 120
425 31 121 90 60
425 21.0 24.0 120.0 80.0
425 217.0 217.0 120.0 80.0
425 93 228 90 60
426 101 221 90 60
427 31.0 91.0 120.0 80.0
427 177.0 214.0 120.0 80.0
427 88 186 90 60
427 298 61 90 60
427 188 46 90 60
427 218 131 90 60
427 321.0 197.0 120.0 80.0
427 331 131 90 60
428 18 111 90 60
428 106 171 90 60
428 143 271 90 60
428 218 6 90 60
428 93 58 90 60
428 176 348 90 60
429 7.0 297.0 120.0 80.0
429 47.0 87.0 120.0 80.0
429 121 221 90 60
429 178 141 90 60
429 131 373 90 60
429 188 41 90 60
429 3 376 90 60
429 1 223 90 60
430 65.0 397.0 144.0 96.0
430 41 326 90 60
430 166 178 90 60
430 113 588 90 60
430 231 36 90 60
430 243 126 90 60
430 121 241 90 60
430 98 53 90 60
430 34.0 151.0 120.0 80.0
431 41.0 201.0 144.0 96.0
431 27.0 84.0 120.0 80.0
431 117.0 313.0 144.0 96.0
431 13 338 90 60
433 51 146 180 120
433 216 271 90 60
433 268 168 90 60
433 253 331 90 60
433 253 83 90 60
434 71 96 180 120
434 18 38 90 60
434 241 288 90 60
434 261 18 90 60
434 297.0 157.0 120.0 80.0
434 341 263 90 60
435 31 261 90 60
435 31 96 90 60
435 136 6 90 60
435 118 216 90 60
436 67.0 47.0 240.0 160.0
436 348 108 90 60
437 29.0 57.0 144.0 96.0
437 17.0 209.0 144.0 96.0
437 163 291 90 60
437 186 213 90 60
438 33.0 177.0 144.0 96.0
438 311.0 271.0 120.0 80.0
438 306 11 90 60
438 173.0 209.0 144.0 96.0
438 177.0 57.0 120.0 80.0
439 21.0 121.0 120.0 80.0
439 281 18 90 60
439 261 268 90 60
439 73 223 90 60
439 166 266 90 60
440 69.0 77.0 144.0 96.0
440 25.0 253.0 144.0 96.0
440 231 178 90 60
440 238 18 90 60
441 24.0 177.0 120.0 80.0
441 37.0 34.0 120.0 80.0
441 41.0 327.0 120.0 80.0
442 54.0 87.0 240.0 160.0
442 236 253 90 60
443 49.0 157.0 144.0 96.0
443 274.0 204.0 120.0 80.0
443 291.0 4.0 120.0 80.0
443 316 298 90 60
443 196 61 90 60
443 321 103 90 60
443 204.0 127.0 120.0 80.0
444 31 121 180 120
444 246 13 90 60
445 117.0 49.0 144.0 96.0
445 134.0 167.0 120.0 80.0
445 21 83 90 60
445 33 178 90 60
445 291 21 90 60
446 17.0 111.0 120.0 80.0
446 38 201 90 60
446 136 81 90 60
446 226 236 90 60
446 327.0 44.0 120.0 80.0
447 41.0 94.0 240.0 160.0
447 326 213 90 60
448 31.0 91.0 120.0 80.0
448 18 191 90 60
448 336 121 90 60
448 216 203 90 60
448 336 183 90 60
448 266 46 90 60
449 37.0 84.0 120.0 80.0
449 331 238 90 60
449 168 161 90 60
449 207.0 7.0 120.0 80.0
449 323 178 90 60
450 21 181 180 120
450 133 106 90 60
450 323 8 90 60
450 237.0 264.0 120.0 80.0
451 211 533 90 60
453 1.0 114.0 120.0 80.0
453 306 181 90 60
453 177.0 31.0 120.0 80.0
453 141.0 227.0 120.0 80.0
453 236 111 90 60
453 41 16 90 60
453 136 143 90 60
454 107.0 54.0 240.0 160.0
455 7.0 81.0 240.0 160.0
455 45.0 345.0 144.0 96.0
455 63 256 90 60
456 158 416 90 60
457 13.0 117.0 144.0 96.0
457 265.0 177.0 144.0 96.0
457 305.0 21.0 144.0 96.0
458 61.0 241.0 120.0 80.0
458 181 383 90 60
458 131.0 151.0 120.0 80.0
458 43 31 90 60
458 153 316 90 60
460 67.0 167.0 120.0 80.0
460 121.0 301.0 120.0 80.0
460 201 133 90 60
461 1.0 94.0 240.0 160.0
461 108 301 90 60
461 131 33 90 60
461 91 376 90 60
461 11 38 90 60
461 203 383 90 60
462 114.0 127.0 240.0 160.0
462 106 48 90 60
462 146 313 90 60
462 251 68 90 60
462 16 328 90 60
462 113 381 90 60
462 16 51 90 60
463 268 286 90 60
463 248 426 90 60
464 63 98 90 60
464 18 236 90 60
464 101 271 180 120
464 168 36 90 60
464 137.0 164.0 120.0 80.0
465 47.0 101.0 240.0 160.0
465 171 8 90 60
466 177.0 205.0 144.0 96.0
466 37.0 161.0 144.0 96.0
466 36 11 90 60
466 186 11 90 60
466 128 356 90 60
466 88 271 90 60
467 243 171 90 60
467 33.0 229.0 144.0 96.0
467 228 233 90 60
467 331 221 90 60
467 123 146 90 60
467 223 351 90 60
467 213 68 90 60
467 321 98 90 60
467 94.0 41.0 120.0 80.0
469 24.0 134.0 120.0 80.0
469 353 73 90 60
469 297.0 157.0 144.0 96.0
469 143 146 90 60
469 123 43 90 60
469 296 6 90 60
469 26 73 90 60
469 138 206 90 60
470 71.0 147.0 120.0 80.0
470 63 68 90 60
470 174.0 267.0 120.0 80.0
470 225.0 101.0 144.0 96.0
470 56 298 90 60
470 231.0 1.0 120.0 80.0
470 186 208 90 60
470 291 321 90 60
470 351 241 90 60
471 11.0 144.0 120.0 80.0
471 198 308 90 60
471 258 66 90 60
471 246 166 90 60
472 14.0 91.0 120.0 80.0
472 283 263 90 60
472 328 58 90 60
472 68 201 90 60
472 158 236 90 60
472 93 31 90 60
472 68 273 90 60
472 321.0 141.0 120.0 80.0
473 5.0 145.0 144.0 96.0
473 284.0 264.0 120.0 80.0
473 236 93 90 60
473 51.0 267.0 120.0 80.0
473 196 273 90 60
474 57.0 145.0 144.0 96.0
474 211 241 90 60
474 331.0 4.0 120.0 80.0
474 193 96 90 60
474 293 308 90 60
475 71.0 194.0 120.0 80.0
475 96 18 90 60
475 197.0 224.0 120.0 80.0
475 171 83 90 60
476 86 276 90 60
476 18 23 90 60
476 191.0 131.0 120.0 80.0
476 144.0 1.0 120.0 80.0
477 77.0 221.0 144.0 96.0
477 101 26 90 60
478 33 271 90 60
478 17.0 84.0 120.0 80.0
478 181 118 90 60
478 121 291 90 60
478 203 193 90 60
478 138 6 90 60
479 331 578 90 60
480 106 211 90 60
480 21.0 61.0 120.0 80.0
480 98 321 90 60
481 29.0 153.0 144.0 96.0
481 201 1 90 60
481 244.0 154.0 120.0 80.0
481 163 71 90 60
481 203 301 90 60
481 323 316 90 60
482 37.0 105.0 144.0 96.0
482 196 118 90 60
482 321 51 90 60
482 218 6 90 60
482 316 116 90 60
482 358 178 90 60
483 165.0 173.0 144.0 96.0
483 7.0 177.0 120.0 80.0
483 188 376 90 60
483 48 101 90 60
484 21.0 54.0 240.0 160.0
484 286 146 90 60
484 241 226 90 60
484 256 81 90 60
486 21 316 180 120
486 168 221 90 60
486 231 43 90 60
486 211 333 90 60
486 18 141 90 60
487 277.0 169.0 144.0 96.0
487 343 328 90 60
487 34.0 341.0 120.0 80.0
487 136 218 90 60
487 268 273 90 60
487 3 86 90 60
487 291 96 90 60
487 153 158 90 60
487 11 13 90 60
487 178 368 90 60
488 14.0 27.0 240.0 160.0
488 186 311 90 60
488 46 218 90 60
488 28 283 90 60
488 233 253 90 60
488 233 373 90 60
488 66 371 90 60
489 131.0 181.0 120.0 80.0
489 161.0 94.0 120.0 80.0
489 327.0 121.0 120.0 80.0
489 273 31 90 60
490 137.0 221.0 144.0 96.0
490 36 383 90 60
490 24.0 137.0 120.0 80.0
490 261 103 90 60
490 73 11 90 60
490 291 208 90 60
490 26 271 90 60
490 351 126 90 60
491 147.0 104.0 120.0 80.0
491 156 216 90 60
491 358 91 90 60
491 34.0 37.0 120.0 80.0
491 4.0 217.0 120.0 80.0
491 16 121 90 60
491 361 223 90 60
492 73 101 90 60
492 216 33 90 60
492 204.0 134.0 120.0 80.0
492 136 251 90 60
492 361 181 90 60
493 57.0 93.0 144.0 96.0
493 261 106 90 60
493 303 48 90 60
493 213 11 90 60
493 311.0 184.0 120.0 80.0
494 73.0 97.0 144.0 96.0
494 143 216 90 60
494 261.0 1.0 144.0 96.0
494 256 258 90 60
494 98 38 90 60
494 21 216 90 60
495 41.0 87.0 240.0 160.0
495 178 251 90 60
495 26 3 90 60
496 131 76 90 60
496 81.0 137.0 144.0 96.0
496 1 51 90 60
496 83 231 90 60
496 241 31 90 60
496 218 256 90 60
496 237.0 111.0 120.0 80.0
496 331 208 90 60
497 16 96 180 120
497 323 166 90 60
497 336 71 90 60
498 5.0 177.0 144.0 96.0
498 161 326 90 60
498 171 48 90 60
498 5.0 65.0 144.0 96.0
498 38 353 90 60
498 146 126 90 60
499 53.0 77.0 144.0 96.0
499 17.0 173.0 144.0 96.0
499 253 153 90 60
500 84.0 107.0 120.0 80.0
500 298 73 90 60
500 204.0 144.0 120.0 80.0
500 286 13 90 60
500 313 218 90 60
500 93 196 90 60
