1 33 193 240 160
1 139 133 90 60
2 33 65 120 80
2 49 295 90 60
2 85 157 90 60
2 169 265 90 60
3 17 105 120 80
3 273 161 120 80
3 283 91 90 60
4 9 249 120 80
4 41 57 120 80
5 49 68 144 96
5 97 297 120 80
6 61 181 180 120
6 1 1 240 160
6 271 127 90 60
7 97 97 180 120
8 49 81 240 160
8 271 43 90 60
8 283 115 90 60
9 1 49 360 240
10 97 317 144 96
10 41 49 120 80
10 217 217 90 60
10 247 37 90 60
11 97 135 144 96
11 253 73 90 60
11 161 273 120 80
12 9 105 120 80
12 241 41 120 80
13 41 97 120 80
13 43 247 90 60
13 145 298 144 96
14 17 81 120 80
14 89 289 120 80
14 139 103 90 60
15 58 250 144 96
15 13 121 180 120
15 229 13 90 60
16 39 183 144 96
17 49 164 144 96
17 241 241 180 120
17 277 157 90 60
18 73 121 180 120
19 13 97 180 120
19 13 229 180 120
19 13 385 90 60
20 33 113 240 160
20 259 13 90 60
20 257 257 120 80
20 289 163 90 60
21 73 37 90 60
21 13 133 180 120
21 181 49 90 60
21 247 109 90 60
21 241 185 120 80
22 1 25 360 240
23 1 25 360 240
24 49 133 180 120
24 145 349 90 60
24 241 199 90 60
24 151 283 90 60
25 25 73 180 120
26 49 177 120 80
26 253 307 90 60
27 41 105 120 80
28 25 85 180 120
29 39 106 144 96
29 193 193 90 60
30 181 151 90 60
30 289 265 90 60
30 193 271 90 60
30 17 105 120 80
31 25 121 180 120
31 187 265 90 60
31 205 13 90 60
32 10 154 144 96
32 181 13 90 60
33 20 77 144 96
33 307 163 90 60
33 295 97 90 60
34 116 77 144 96
34 25 217 180 120
34 209 353 120 80
34 205 247 90 60
35 49 39 144 96
35 211 1 90 60
35 17 153 120 80
36 1 154 144 96
36 259 325 90 60
37 17 81 240 160
37 273 145 120 80
38 65 289 120 80
38 145 25 90 60
38 157 121 90 60
38 241 37 90 60
38 241 379 90 60
39 135 231 144 96
39 49 97 180 120
40 61 61 180 120
41 257 193 120 80
41 199 13 90 60
41 19 121 90 60
41 91 343 90 60
41 109 19 90 60
42 7 25 90 60
42 19 235 90 60
43 49 65 240 160
44 58 164 144 96
44 183 298 144 96
44 283 127 90 60
44 199 193 90 60
44 319 31 90 60
44 355 313 90 60
45 169 209 120 80
45 65 25 120 80
45 175 115 90 60
46 49 225 240 160
46 187 127 90 60
47 49 73 180 120
47 241 79 90 60
48 25 233 120 80
48 37 91 90 60
48 137 313 120 80
49 29 145 144 96
49 271 241 90 60
49 257 41 120 80
49 175 253 90 60
50 13 133 180 120
50 283 49 90 60
51 1 73 360 240
51 361 121 90 60
52 65 65 240 160
53 33 97 240 160
53 271 253 90 60
54 49 49 240 160
55 81 81 240 160
56 103 73 90 60
56 115 247 90 60
57 37 151 90 60
57 355 43 90 60
57 109 91 90 60
57 337 109 90 60
58 81 129 240 160
59 41 89 120 80
60 25 49 360 240
61 49 81 240 160
62 25 85 180 120
62 217 97 180 120
62 169 25 90 60
63 13 109 180 120
63 313 31 90 60
64 37 211 90 60
65 33 81 240 160
65 49 1 90 60
66 25 157 180 120
66 205 229 90 60
66 265 313 90 60
67 37 289 90 60
67 13 97 90 60
68 25 105 120 80
68 241 19 90 60
68 157 91 90 60
69 49 81 240 160
69 137 265 120 80
70 39 116 144 96
71 13 181 180 120
72 65 49 240 160
73 9 193 120 80
73 17 49 120 80
73 73 345 120 80
74 81 201 120 80
74 43 121 90 60
74 145 25 120 80
75 85 133 180 120
75 313 97 120 80
76 20 231 144 96
76 85 379 90 60
76 68 77 144 96
76 223 139 90 60
77 25 105 120 80
77 297 121 120 80
78 13 109 180 120
78 247 1 90 60
79 25 49 360 240
79 355 13 90 60
79 319 277 90 60
80 1 181 180 120
80 193 89 120 80
80 229 199 90 60
81 25 181 180 120
81 223 31 90 60
81 277 133 90 60
82 13 139 90 60
82 301 103 90 60
83 1 106 144 96
84 217 145 180 120
84 25 139 90 60
84 235 43 90 60
85 25 121 120 80
85 145 57 120 80
85 201 185 120 80
85 319 19 90 60
86 49 121 120 80
87 41 145 120 80
87 19 247 90 60
87 281 9 120 80
88 43 169 90 60
88 13 259 90 60
88 199 349 90 60
89 73 113 120 80
89 7 19 90 60
90 49 97 360 240
91 29 116 144 96
92 87 116 144 96
93 73 85 180 120
93 241 43 90 60
94 1 68 144 96
95 55 199 90 60
95 20 87 144 96
95 163 109 90 60
96 25 145 90 60
96 212 116 144 96
96 217 253 90 60
97 19 325 90 60
97 49 205 90 60
97 19 79 90 60
97 145 308 144 96
98 58 164 144 96
98 61 55 90 60
99 25 157 180 120
99 209 49 120 80
99 253 169 90 60
100 289 106 144 96
100 121 115 90 60
101 49 49 180 120
102 77 106 144 96
102 229 139 90 60
103 161 97 240 160
103 127 31 90 60
103 25 217 120 80
103 313 17 120 80
104 116 77 144 96
104 321 209 120 80
105 29 116 144 96
105 217 55 90 60
106 91 55 90 60
106 61 169 90 60
106 79 325 90 60
106 187 1 90 60
107 37 109 180 120
107 211 205 90 60
107 97 265 90 60
108 17 97 240 160
109 61 283 90 60
109 19 121 90 60
110 37 61 180 120
110 7 205 90 60
111 10 77 144 96
111 235 211 90 60
112 19 313 90 60
112 39 20 144 96
113 13 109 180 120
113 257 193 120 80
114 7 49 90 60
114 97 61 180 120
115 1 241 240 160
115 79 13 90 60
116 68 116 144 96
116 247 187 90 60
116 217 313 180 120
116 7 25 90 60
117 201 137 120 80
118 25 25 360 240
119 49 87 144 96
120 10 116 144 96
121 25 273 120 80
121 17 121 120 80
121 116 10 144 96
121 139 205 90 60
122 25 73 360 240
122 79 13 90 60
123 10 135 144 96
124 33 33 240 160
125 17 129 120 80
126 49 65 240 160
127 25 153 120 80
127 233 49 120 80
128 49 97 240 160
128 97 37 90 60
129 37 85 180 120
129 313 187 90 60
130 1 65 240 160
130 247 199 90 60
131 10 77 144 96
131 279 106 144 96
131 361 205 90 60
132 37 235 90 60
132 164 183 144 96
133 25 121 120 80
133 91 205 90 60
133 211 85 90 60
134 161 145 120 80
134 25 145 120 80
134 329 169 120 80
134 319 103 90 60
134 61 61 90 60
134 103 229 90 60
135 49 209 120 80
135 29 39 144 96
136 25 145 180 120
136 241 289 90 60
136 349 385 90 60
136 7 343 90 60
137 97 157 90 60
138 33 73 120 80
138 125 260 144 96
139 49 105 120 80
139 151 259 90 60
139 199 49 90 60
140 9 241 120 80
140 201 17 120 80
140 9 25 120 80
140 19 361 90 60
140 205 253 90 60
140 25 145 90 60
140 205 145 90 60
140 163 355 90 60
141 177 97 120 80
141 295 253 90 60
141 37 121 90 60
141 145 229 90 60
142 68 183 144 96
142 307 145 90 60
142 57 97 120 80
142 319 79 90 60
143 49 199 90 60
144 17 145 120 80
144 133 121 90 60
145 1 97 240 160
146 97 73 180 120
147 1 49 360 240
148 25 1 360 240
149 17 81 240 160
150 193 87 144 96
150 337 139 90 60
151 1 81 240 160
152 17 185 120 80
152 173 87 144 96
152 151 211 90 60
152 337 61 90 60
153 73 81 120 80
153 29 289 144 96
153 177 241 120 80
153 37 229 90 60
154 235 55 90 60
154 41 193 120 80
154 109 25 90 60
155 20 173 144 96
155 157 247 90 60
155 235 169 90 60
155 125 29 144 96
156 49 105 120 80
157 89 177 120 80
157 241 13 90 60
158 97 97 180 120
158 61 229 90 60
158 1 115 90 60
159 41 193 120 80
159 43 55 90 60
159 43 355 90 60
159 145 373 90 60
160 29 77 144 96
160 343 37 90 60
161 10 135 144 96
162 17 65 240 160
162 289 106 144 96
163 133 109 180 120
163 289 17 120 80
163 169 31 90 60
164 49 97 144 96
165 49 49 360 240
166 33 49 240 160
167 65 105 120 80
168 81 337 120 80
168 39 49 144 96
168 25 177 120 80
169 25 109 90 60
170 79 61 90 60
170 13 271 90 60
171 1 49 360 240
172 57 265 120 80
173 58 135 144 96
173 181 289 90 60
173 307 181 90 60
174 13 217 180 120
174 181 349 90 60
174 247 259 90 60
175 17 97 240 160
176 25 73 360 240
177 25 229 180 120
178 17 225 240 160
179 1 241 240 160
179 211 43 90 60
179 259 259 90 60
179 121 133 90 60
180 41 153 120 80
180 295 229 90 60
180 121 61 90 60
180 247 127 90 60
181 49 169 120 80
181 223 211 90 60
182 41 225 120 80
182 25 49 120 80
183 33 81 240 160
184 1 281 120 80
184 25 65 120 80
184 127 1 90 60
184 235 169 90 60
185 1 25 360 240
186 58 154 144 96
186 77 58 144 96
186 250 135 144 96
187 13 121 180 120
187 233 185 120 80
188 1 73 360 240
189 260 125 144 96
189 145 1 90 60
190 49 129 240 160
190 355 163 90 60
190 297 17 120 80
191 1 225 240 160
191 67 49 90 60
191 55 139 90 60
192 1 109 180 120
192 321 313 120 80
193 49 225 120 80
193 9 113 120 80
193 173 212 144 96
193 55 25 90 60
193 313 153 120 80
194 121 321 120 80
194 73 187 90 60
194 1 33 120 80
195 49 97 240 160
195 181 25 90 60
195 43 325 90 60
196 58 97 144 96
196 85 19 90 60
197 37 121 90 60
197 79 193 90 60
198 43 73 90 60
198 133 37 90 60
198 19 199 90 60
198 217 247 90 60
198 241 33 120 80
198 61 133 90 60
198 133 319 90 60
199 85 121 180 120
199 37 31 90 60
200 73 85 180 120
200 55 7 90 60
201 33 241 240 160
201 115 49 90 60
202 10 135 144 96
202 121 233 120 80
203 9 89 120 80
204 1 241 144 96
204 89 113 120 80
204 157 253 90 60
205 1 177 240 160
205 121 13 90 60
206 37 205 180 120
206 79 25 90 60
207 49 129 120 80
208 33 145 240 160
208 235 379 90 60
208 253 301 90 60
209 1 137 120 80
209 177 25 120 80
210 37 181 180 120
210 199 355 90 60
211 81 65 240 160
212 65 65 240 160
213 25 109 180 120
214 58 116 144 96
214 154 20 144 96
215 65 97 240 160
216 151 205 90 60
216 337 175 90 60
216 169 79 90 60
216 133 295 90 60
216 1 97 90 60
216 319 55 90 60
217 43 301 90 60
217 1 113 120 80
217 115 199 90 60
218 29 116 144 96
219 1 73 360 240
220 29 97 144 96
221 89 121 120 80
221 115 307 90 60
221 223 325 90 60
221 205 79 90 60
221 13 367 90 60
222 33 97 240 160
222 289 139 90 60
222 337 73 90 60
223 33 81 240 160
223 289 103 90 60
224 20 337 144 96
224 241 187 90 60
224 89 153 120 80
224 211 379 90 60
225 29 97 144 96
225 145 205 90 60
225 187 37 90 60
225 153 265 120 80
225 241 153 120 80
226 121 105 120 80
227 17 65 240 160
228 20 77 144 96
229 65 97 240 160
229 349 43 90 60
229 319 181 90 60
230 10 154 144 96
230 349 229 90 60
231 49 97 240 160
231 331 127 90 60
231 249 17 120 80
232 25 25 360 240
233 29 87 144 96
233 7 265 90 60
234 85 229 90 60
234 55 91 90 60
234 301 67 90 60
234 205 1 90 60
235 1 1 360 240
236 9 209 120 80
236 175 337 90 60
236 67 79 90 60
237 33 65 240 160
237 283 205 90 60
238 49 85 180 120
238 289 1 120 80
239 241 121 120 80
240 65 81 120 80
240 37 13 90 60
241 17 65 240 160
242 58 77 144 96
242 57 217 120 80
242 229 37 90 60
242 33 297 120 80
242 217 355 90 60
243 49 49 240 160
243 241 253 90 60
244 145 109 90 60
244 313 73 120 80
245 97 37 90 60
245 265 67 90 60
246 49 81 240 160
246 307 121 90 60
247 17 97 120 80
247 295 1 90 60
247 241 199 90 60
248 49 65 240 160
249 33 129 120 80
249 271 25 90 60
249 295 259 90 60
250 25 25 360 240
251 139 181 90 60
251 19 187 90 60
251 91 349 90 60
251 31 19 90 60
252 43 145 90 60
253 17 193 240 160
253 91 1 90 60
254 289 145 120 80
254 241 37 90 60
254 133 103 90 60
255 65 97 240 160
256 25 25 360 240
257 17 89 120 80
257 177 73 120 80
257 307 103 90 60
258 81 65 240 160
259 13 193 180 120
259 193 49 120 80
260 202 164 144 96
260 25 33 120 80
260 20 308 144 96
260 33 169 120 80
260 212 29 144 96
260 175 355 90 60
261 10 20 144 96
261 212 20 144 96
261 193 173 144 96
261 20 317 144 96
261 25 177 120 80
261 175 319 90 60
262 17 49 240 160
263 41 209 120 80
263 25 105 120 80
263 169 139 90 60
264 29 250 144 96
265 77 116 144 96
265 205 217 90 60
266 37 265 180 120
266 58 1 144 96
267 49 65 240 160
268 1 25 360 240
269 20 77 144 96
269 355 145 90 60
269 241 121 90 60
269 201 185 120 80
270 13 169 180 120
271 49 106 144 96
271 205 199 90 60
271 199 91 90 60
272 13 49 180 120
273 1 49 360 240
274 79 175 90 60
274 19 337 90 60
274 61 49 90 60
274 163 127 90 60
275 177 121 120 80
276 41 241 120 80
276 68 97 144 96
277 33 169 120 80
277 201 129 120 80
277 265 19 90 60
278 29 68 144 96
278 20 212 144 96
279 41 177 120 80
280 65 81 240 160
281 65 49 240 160
282 57 121 120 80
282 19 49 90 60
283 10 77 144 96
283 250 289 144 96
283 247 19 90 60
284 20 183 144 96
285 65 49 240 160
286 31 169 90 60
286 231 77 144 96
287 20 145 144 96
287 217 19 90 60
287 183 202 144 96
287 209 121 120 80
288 65 97 120 80
288 307 187 90 60
288 361 91 90 60
289 33 113 240 160
290 73 205 90 60
290 13 277 90 60
290 19 61 90 60
291 73 137 120 80
291 193 187 90 60
292 17 113 240 160
293 17 65 240 160
294 79 91 90 60
294 97 173 144 96
294 145 313 90 60
294 145 385 90 60
295 61 133 180 120
295 260 202 144 96
295 221 39 144 96
296 193 116 144 96
296 13 193 90 60
297 49 211 90 60
297 73 85 90 60
297 61 325 90 60
298 109 91 90 60
298 121 259 90 60
298 49 19 90 60
299 41 113 120 80
299 153 249 120 80
299 177 361 120 80
300 37 229 180 120
300 55 79 90 60
301 109 79 90 60
301 10 193 144 96
302 65 105 120 80
302 289 97 90 60
303 25 121 180 120
304 1 25 360 240
305 29 116 144 96
305 205 49 90 60
305 193 231 144 96
306 37 349 90 60
306 25 55 90 60
306 43 199 90 60
306 163 289 90 60
307 25 25 360 240
308 73 85 180 120
309 33 81 240 160
309 209 297 120 80
310 249 25 120 80
310 175 175 90 60
311 139 133 90 60
311 265 105 120 80
312 73 259 90 60
312 20 116 144 96
312 319 43 90 60
312 169 25 120 80
313 17 105 120 80
314 33 65 240 160
314 289 105 120 80
315 85 133 180 120
316 49 65 240 160
317 41 177 120 80
317 133 1 90 60
317 163 349 90 60
317 49 355 90 60
317 157 205 180 120
318 1 125 144 96
318 77 337 144 96
318 217 85 90 60
318 139 265 90 60
319 65 33 120 80
319 49 329 120 80
319 25 169 180 120
320 129 97 240 160
320 355 61 90 60
321 65 65 240 160
322 17 137 120 80
322 201 49 120 80
322 217 235 90 60
323 17 145 120 80
323 85 223 90 60
323 97 325 180 120
324 25 121 180 120
324 205 61 90 60
324 173 250 144 96
324 343 229 90 60
325 25 137 120 80
325 223 91 90 60
326 39 241 144 96
326 157 37 90 60
327 1 25 360 240
328 37 73 180 120
328 211 157 90 60
328 241 223 90 60
329 65 1 120 80
329 1 217 180 120
329 265 385 90 60
329 145 115 90 60
329 271 97 90 60
330 33 65 240 160
330 79 241 90 60
330 61 1 90 60
331 57 209 120 80
331 307 307 90 60
331 169 283 90 60
331 175 127 90 60
331 49 1 90 60
332 85 169 180 120
332 235 85 90 60
332 329 57 120 80
333 181 61 180 120
334 233 105 120 80
334 49 29 144 96
334 115 127 90 60
335 17 65 240 160
335 145 277 90 60
335 43 295 90 60
336 33 81 120 80
336 277 91 90 60
336 163 169 90 60
336 253 163 90 60
337 77 154 144 96
337 121 379 90 60
338 49 161 240 160
338 164 49 144 96
339 116 116 144 96
339 250 20 144 96
339 223 235 90 60
339 79 31 90 60
340 33 89 120 80
340 25 225 120 80
341 33 105 120 80
341 175 157 90 60
342 25 25 360 240
343 153 33 120 80
343 20 125 144 96
343 169 253 90 60
344 61 73 180 120
344 337 1 90 60
345 58 87 144 96
346 20 183 144 96
346 229 61 90 60
347 39 135 144 96
347 205 181 90 60
348 49 217 90 60
349 25 137 120 80
349 217 223 90 60
350 73 223 90 60
350 13 73 90 60
350 73 373 90 60
350 223 169 90 60
351 73 295 90 60
351 277 391 90 60
351 91 193 90 60
351 133 49 90 60
352 20 164 144 96
353 1 49 360 240
354 65 137 120 80
354 289 259 90 60
354 25 247 90 60
355 41 73 120 80
355 229 241 90 60
356 257 121 120 80
356 79 139 90 60
357 33 65 240 160
358 57 217 120 80
358 1 73 90 60
358 139 121 90 60
358 115 7 90 60
359 25 97 180 120
360 25 25 360 240
361 153 113 120 80
362 33 193 120 80
362 17 345 120 80
362 25 57 120 80
362 139 7 90 60
363 49 85 180 120
363 145 265 90 60
363 247 37 90 60
363 7 283 90 60
364 20 269 144 96
364 129 49 120 80
365 61 97 180 120
365 325 19 90 60
366 49 105 120 80
366 209 25 120 80
366 209 113 120 80
367 39 145 144 96
367 247 43 90 60
367 91 1 90 60
367 223 115 90 60
368 1 25 360 240
369 49 105 120 80
369 151 37 90 60
370 19 121 90 60
370 349 115 90 60
370 145 20 144 96
370 211 175 90 60
371 109 121 90 60
371 133 265 90 60
372 25 97 180 120
372 355 193 90 60
372 331 31 90 60
372 233 121 120 80
373 13 181 180 120
374 1 25 360 240
375 41 281 120 80
375 133 7 90 60
375 29 125 144 96
375 169 259 90 60
375 185 353 120 80
376 49 106 144 96
376 181 199 90 60
377 49 173 144 96
377 217 115 90 60
378 97 49 240 160
379 43 265 90 60
379 343 151 90 60
379 39 39 144 96
380 65 105 120 80
380 127 19 90 60
381 25 185 120 80
382 17 97 120 80
382 319 43 90 60
382 151 223 90 60
383 25 109 180 120
383 305 209 120 80
383 325 13 90 60
384 65 65 240 160
384 343 163 90 60
385 17 217 120 80
385 193 145 90 60
385 164 298 144 96
385 139 205 90 60
385 199 67 90 60
386 13 169 180 120
387 129 65 240 160
387 43 139 90 60
389 81 81 240 160
389 103 265 90 60
390 77 183 144 96
390 97 289 90 60
391 133 61 180 120
392 58 135 144 96
392 67 235 90 60
393 49 161 240 160
394 20 29 144 96
394 221 1 144 96
395 25 67 90 60
396 25 61 180 120
397 1 129 120 80
397 115 271 90 60
397 231 106 144 96
398 29 250 144 96
398 25 37 180 120
398 199 253 90 60
399 25 73 360 240
400 89 297 120 80
400 17 81 120 80
400 349 205 90 60
401 225 73 120 80
401 1 121 120 80
402 105 1 120 80
402 65 321 120 80
402 97 145 180 120
403 41 121 120 80
403 260 39 144 96
403 157 175 90 60
404 1 65 240 160
405 73 133 180 120
405 19 295 90 60
405 307 127 90 60
405 29 10 144 96
406 19 181 90 60
407 1 73 360 240
408 33 49 120 80
408 225 121 120 80
409 13 145 180 120
409 157 265 90 60
410 33 121 120 80
410 1 43 90 60
410 1 241 144 96
411 65 81 240 160
411 7 31 90 60
412 25 49 360 240
413 33 145 240 160
414 29 87 144 96
415 58 231 144 96
415 202 20 144 96
415 49 20 144 96
416 33 81 240 160
416 325 235 90 60
417 17 113 120 80
417 161 33 240 160
418 17 65 240 160
419 65 81 240 160
419 223 19 90 60
420 115 133 90 60
420 79 247 90 60
420 17 313 120 80
420 19 37 90 60
420 229 103 90 60
420 19 151 90 60
420 163 295 90 60
420 223 193 90 60
421 13 49 180 120
422 33 65 240 160
423 9 57 120 80
423 89 209 120 80
423 91 325 90 60
423 211 37 90 60
424 137 129 120 80
424 337 1 90 60
424 235 295 90 60
425 25 97 180 120
426 17 121 120 80
427 19 133 90 60
427 19 31 90 60
427 19 241 90 60
427 19 337 90 60
428 65 81 240 160
429 37 61 180 120
429 97 317 144 96
430 1 25 360 240
431 20 173 144 96
431 297 153 120 80
431 265 1 180 120
432 29 173 144 96
432 169 85 90 60
433 37 97 180 120
433 97 265 120 80
433 265 205 90 60
433 277 61 90 60
434 31 67 90 60
434 25 295 90 60
434 145 273 120 80
434 127 25 90 60
434 241 13 90 60
435 55 67 90 60
435 37 361 90 60
436 9 113 120 80
437 13 145 180 120
437 127 37 90 60
437 157 259 90 60
438 33 113 240 160
439 10 164 144 96
440 9 97 120 80
440 235 289 90 60
441 33 225 240 160
441 161 89 120 80
441 223 169 90 60
442 9 169 120 80
443 65 97 240 160
443 343 25 90 60
444 1 81 240 160
444 37 283 90 60
445 181 133 180 120
445 31 61 90 60
446 109 121 90 60
446 19 157 90 60
447 89 161 120 80
447 49 61 90 60
448 39 241 144 96
449 113 209 120 80
449 67 43 90 60
449 271 355 90 60
450 49 121 120 80
450 235 61 90 60
450 173 164 144 96
451 33 65 240 160
451 193 229 90 60
451 289 13 90 60
452 1 241 180 120
452 211 31 90 60
453 173 106 144 96
453 295 241 90 60
454 25 169 180 120
455 106 87 144 96
455 163 1 90 60
456 61 97 180 120
456 43 19 90 60
457 1 25 360 240
458 41 169 120 80
458 193 13 90 60
458 65 369 120 80
458 169 211 90 60
459 19 283 90 60
459 199 67 90 60
459 205 223 90 60
460 81 65 240 160
460 139 223 90 60
460 331 139 90 60
461 58 212 144 96
462 313 67 90 60
462 65 81 240 160
463 25 121 180 120
463 249 25 120 80
464 25 113 120 80
464 127 271 90 60
465 57 113 120 80
465 233 121 120 80
466 61 109 180 120
466 193 31 90 60
466 283 67 90 60
467 25 33 120 80
467 7 145 90 60
467 85 277 90 60
467 67 361 90 60
468 61 283 90 60
468 17 65 120 80
469 109 259 90 60
469 29 135 144 96
469 73 25 120 80
470 161 233 120 80
471 81 97 240 160
472 37 7 90 60
472 49 367 90 60
472 29 183 144 96
473 17 145 240 160
473 265 13 180 120
474 33 65 240 160
475 81 129 240 160
475 247 25 90 60
476 55 247 90 60
476 19 361 90 60
476 19 79 90 60
477 49 65 240 160
479 29 269 144 96
479 193 85 90 60
479 31 211 90 60
479 19 85 90 60
480 79 55 90 60
480 17 225 120 80
480 173 106 144 96
481 1 25 360 240
482 29 68 144 96
482 223 37 90 60
483 25 97 360 240
484 25 157 90 60
484 205 175 90 60
485 25 161 120 80
485 185 17 120 80
486 17 97 240 160
486 253 181 90 60
487 9 81 120 80
487 305 169 120 80
487 115 187 90 60
487 355 49 90 60
488 37 115 90 60
488 241 273 120 80
489 17 81 240 160
489 331 73 90 60
489 283 175 90 60
490 39 173 144 96
490 169 97 90 60
490 163 289 90 60
491 29 145 144 96
491 187 49 90 60
492 25 97 90 60
492 81 217 120 80
493 121 145 180 120
493 41 321 120 80
493 225 25 120 80
494 20 173 144 96
494 229 319 90 60
495 33 49 240 160
495 298 106 144 96
496 25 145 180 120
497 49 77 144 96
498 33 65 240 160
498 211 229 90 60
499 57 241 120 80
499 57 17 120 80
499 65 121 120 80
499 57 353 120 80
500 193 106 144 96
500 109 67 90 60
500 25 193 90 60
501 49 49 240 160
501 97 205 90 60
502 9 281 120 80
502 25 57 120 80
502 247 1 90 60
503 1 25 360 240
504 13 169 90 60
505 49 135 144 96
505 343 193 90 60
505 175 43 90 60
505 235 151 90 60
505 313 43 90 60
505 139 259 90 60
506 49 121 120 80
506 298 106 144 96
507 1 169 120 80
507 31 43 90 60
508 61 109 180 120
508 301 31 90 60
509 33 97 240 160
509 355 175 90 60
510 49 106 144 96
510 277 259 90 60
511 58 77 144 96
511 307 25 90 60
512 17 81 240 160
512 265 145 90 60
512 121 273 120 80
512 277 223 90 60
512 163 1 90 60
513 65 81 240 160
513 169 249 120 80
514 41 97 120 80
514 211 247 90 60
514 145 7 90 60
514 169 157 90 60
514 233 361 120 80
514 259 181 90 60
515 25 73 180 120
515 259 49 90 60
516 133 211 90 60
516 81 105 120 80
517 49 25 360 240
518 17 81 120 80
518 139 37 90 60
518 273 65 120 80
518 116 250 144 96
518 307 247 90 60
518 241 7 90 60
519 77 279 144 96
519 20 77 144 96
520 1 25 360 240
521 145 57 120 80
521 343 199 90 60
521 223 181 90 60
521 115 229 90 60
521 329 9 120 80
522 39 87 144 96
522 87 212 144 96
523 10 173 144 96
523 259 313 90 60
524 57 113 120 80
525 81 73 120 80
525 265 61 90 60
526 31 139 90 60
526 259 229 90 60
526 151 163 90 60
527 17 97 240 160
528 13 259 90 60
528 13 61 90 60
528 103 211 90 60
529 49 169 120 80
530 68 279 144 96
530 109 187 90 60
531 13 133 90 60
532 49 25 360 240
533 49 161 240 160
533 193 20 144 96
533 337 211 90 60
534 97 49 144 96
534 10 221 144 96
534 343 163 90 60
534 229 133 90 60
534 313 73 120 80
534 151 277 90 60
535 17 81 240 160
535 319 145 90 60
535 277 241 90 60
536 49 129 240 160
537 157 37 180 120
537 67 193 90 60
537 209 201 120 80
537 337 103 90 60
538 109 109 180 120
538 55 25 90 60
538 145 49 90 60
540 17 81 240 160
541 85 109 180 120
541 265 157 180 120
542 65 81 240 160
543 129 81 240 160
544 37 97 180 120
544 313 31 90 60
544 221 183 144 96
545 1 25 360 240
546 37 181 180 120
546 221 77 144 96
546 289 193 90 60
547 9 169 120 80
547 253 211 90 60
548 20 145 144 96
548 223 355 90 60
548 73 257 120 80
548 187 187 90 60
548 181 1 90 60
549 241 77 144 96
549 41 65 120 80
549 68 164 144 96
550 129 129 240 160
550 17 9 120 80
551 49 65 240 160
552 49 61 180 120
553 20 49 144 96
553 221 164 144 96
553 247 73 90 60
554 29 260 144 96
554 10 49 144 96
554 175 385 90 60
555 1 97 120 80
555 121 145 90 60
555 133 211 90 60
556 33 161 240 160
557 1 81 240 160
557 13 25 90 60
557 277 259 90 60
558 19 127 90 60
558 153 185 120 80
558 313 1 120 80
558 7 199 90 60
558 269 135 144 96
558 151 73 90 60
559 39 241 144 96
560 20 87 144 96
561 49 145 240 160
562 25 25 360 240
563 31 115 90 60
563 269 164 144 96
563 13 13 90 60
564 25 89 120 80
564 67 13 90 60
565 33 81 240 160
566 247 67 90 60
566 58 125 144 96
566 169 225 120 80
567 20 135 144 96
568 103 151 90 60
568 33 217 120 80
568 139 355 90 60
569 39 145 144 96
570 10 116 144 96
570 163 235 90 60
571 49 145 240 160
571 259 19 90 60
571 259 97 90 60
572 13 145 180 120
572 223 1 90 60
573 33 113 120 80
573 313 139 90 60
573 19 37 90 60
574 49 97 240 160
575 89 305 120 80
575 29 116 144 96
575 211 151 90 60
575 217 65 120 80
576 1 25 360 240
577 33 81 240 160
577 313 1 120 80
578 29 145 144 96
578 175 175 90 60
578 247 43 90 60
579 10 135 144 96
579 31 253 90 60
579 187 373 90 60
580 49 113 120 80
580 223 205 90 60
581 25 121 120 80
582 49 145 180 120
582 223 103 90 60
582 145 49 90 60
583 97 201 120 80
583 260 116 144 96
583 91 43 90 60
583 319 217 90 60
584 25 73 360 240
585 17 65 120 80
585 133 145 90 60
585 247 175 90 60
586 13 145 180 120
586 241 73 90 60
587 17 209 240 160
587 1 61 90 60
588 1 81 240 160
588 337 163 90 60
589 17 121 120 80
589 249 1 120 80
590 1 25 360 240
591 81 201 120 80
591 33 65 120 80
592 33 97 240 160
593 105 137 120 80
593 235 217 90 60
594 25 113 120 80
594 211 127 90 60
595 65 169 120 80
596 37 133 180 120
597 41 169 120 80
597 157 235 90 60
597 169 163 90 60
598 85 61 180 120
599 9 145 120 80
599 257 113 120 80
600 10 97 144 96
600 361 169 90 60
601 58 39 144 96
602 115 139 90 60
602 247 361 90 60
603 33 161 240 160
604 49 61 90 60
604 49 247 90 60
604 20 346 144 96
604 139 181 90 60
605 289 113 120 80
605 121 181 90 60
605 151 25 90 60
606 25 109 90 60
607 33 97 240 160
608 25 49 360 240
609 13 109 180 120
609 283 289 90 60
609 229 199 90 60
609 321 17 120 80
609 295 109 90 60
610 17 49 240 160
611 61 109 180 120
611 259 19 90 60
612 85 217 180 120
613 49 106 144 96
614 1 137 120 80
614 169 185 120 80
614 139 55 90 60
615 1 81 240 160
615 271 139 90 60
616 39 87 144 96
616 361 193 90 60
617 29 317 144 96
617 10 39 144 96
617 49 253 90 60
617 43 133 90 60
617 163 109 90 60
618 129 57 120 80
618 133 289 90 60
619 25 73 360 240
620 13 73 180 120
620 331 25 90 60
621 9 17 120 80
621 61 175 90 60
622 81 65 240 160
622 321 185 120 80
623 49 137 120 80
623 151 343 90 60
623 319 325 90 60
623 183 212 144 96
623 277 19 90 60
624 49 177 240 160
625 25 61 180 120
626 1 25 360 240
627 29 145 144 96
627 161 25 120 80
628 164 317 144 96
628 1 106 144 96
628 137 41 120 80
628 199 175 90 60
629 65 81 240 160
630 37 169 180 120
630 202 39 144 96
630 271 325 90 60
630 283 139 90 60
631 1 73 360 240
632 19 85 90 60
632 121 127 90 60
632 301 181 90 60
633 49 183 144 96
633 177 1 120 80
634 49 163 90 60
634 49 43 90 60
634 259 79 90 60
635 68 116 144 96
635 355 253 90 60
635 260 87 144 96
636 68 135 144 96
636 257 17 120 80
637 49 39 144 96
637 49 279 144 96
638 73 161 120 80
639 67 229 90 60
639 9 33 120 80
640 25 85 90 60
640 97 265 90 60
640 151 109 90 60
640 133 343 90 60
641 61 157 90 60
641 17 57 120 80
642 17 177 120 80
643 1 241 144 96
644 13 217 180 120
644 103 133 90 60
645 49 81 240 160
646 25 85 180 120
646 279 135 144 96
646 211 37 90 60
647 91 133 90 60
647 7 43 90 60
647 229 373 90 60
648 17 49 240 160
649 133 133 90 60
649 223 13 90 60
649 55 223 90 60
649 157 193 180 120
650 145 87 144 96
651 61 97 90 60
651 169 73 120 80
652 1 25 360 240
653 25 321 120 80
653 33 9 120 80
653 181 361 90 60
654 25 97 180 120
655 10 327 144 96
655 205 7 90 60
655 199 283 90 60
655 121 157 180 120
656 205 169 90 60
656 25 217 90 60
656 223 91 90 60
656 67 49 90 60
656 7 127 90 60
657 19 181 90 60
657 55 253 90 60
658 61 61 180 120
658 17 241 240 160
659 13 121 180 120
659 173 39 144 96
660 58 125 144 96
660 231 58 144 96
660 229 265 90 60
660 281 177 120 80
661 25 121 120 80
661 157 217 90 60
662 55 97 90 60
662 177 41 120 80
662 193 127 90 60
663 58 106 144 96
663 217 43 90 60
664 67 223 90 60
665 49 121 180 120
666 33 129 240 160
667 13 253 180 120
667 25 49 180 120
668 13 277 180 120
668 1 73 180 120
669 33 57 120 80
669 33 321 120 80
670 85 121 180 120
670 193 1 120 80
671 49 87 144 96
671 19 229 90 60
671 319 139 90 60
672 17 81 240 160
673 29 97 144 96
673 349 13 90 60
673 187 13 90 60
674 20 154 144 96
674 199 211 90 60
674 295 277 90 60
675 25 85 180 120
676 17 25 120 80
676 164 145 144 96
676 125 337 144 96
677 241 187 90 60
677 1 169 90 60
677 241 20 144 96
678 49 85 180 120
678 265 65 120 80
678 247 259 90 60
678 319 175 90 60
679 145 81 120 80
680 17 177 240 160
681 25 49 360 240
682 17 81 120 80
683 97 105 120 80
683 81 217 120 80
683 241 151 90 60
684 13 97 180 120
684 217 297 120 80
684 187 7 90 60
684 283 7 90 60
685 25 85 180 120
685 343 43 90 60
686 65 17 240 160
686 127 187 90 60
687 13 325 90 60
687 31 49 90 60
687 37 127 90 60
688 89 89 120 80
688 121 193 90 60
689 113 153 120 80
689 43 61 90 60
690 25 81 120 80
690 133 361 90 60
690 145 233 120 80
690 91 163 90 60
691 68 241 144 96
691 121 73 90 60
691 85 151 90 60
692 1 145 240 160
693 25 157 180 120
693 151 355 90 60
694 1 121 120 80
694 331 151 90 60
694 175 259 90 60
695 10 116 144 96
696 183 125 144 96
696 91 151 90 60
697 29 221 144 96
697 13 97 180 120
698 202 145 144 96
698 115 139 90 60
698 305 65 120 80
699 65 81 240 160
700 77 125 144 96
700 61 229 90 60
700 325 109 90 60
700 217 103 90 60
701 1 49 240 160
701 349 139 90 60
702 61 229 180 120
702 37 61 90 60
703 49 81 120 80
704 55 37 90 60
704 49 259 90 60
705 39 145 144 96
705 19 247 90 60
705 211 199 90 60
705 183 279 144 96
706 10 154 144 96
706 145 31 90 60
707 37 109 180 120
708 164 49 144 96
708 20 193 144 96
709 49 145 180 120
709 7 67 90 60
710 1 241 120 80
710 121 247 90 60
711 7 115 90 60
711 103 133 90 60
711 79 277 90 60
711 91 1 90 60
712 33 65 240 160
712 269 10 144 96
713 17 257 240 160
713 33 17 240 160
714 25 187 90 60
714 19 259 90 60
714 109 241 90 60
714 153 353 120 80
715 17 105 120 80
715 115 223 90 60
715 253 115 90 60
715 13 229 90 60
715 187 37 90 60
716 9 65 120 80
717 25 185 120 80
717 116 68 144 96
718 1 25 360 240
719 1 212 144 96
719 145 257 120 80
719 135 97 144 96
719 175 193 90 60
720 65 65 240 160
721 57 169 120 80
721 187 247 90 60
721 109 13 90 60
721 223 187 90 60
722 73 337 120 80
722 17 177 120 80
722 39 39 144 96
722 187 19 90 60
722 205 319 90 60
723 157 199 90 60
723 137 273 120 80
723 41 97 120 80
724 97 129 240 160
724 41 41 120 80
725 13 133 180 120
725 127 67 90 60
725 279 20 144 96
726 41 129 120 80
726 193 209 120 80
727 49 337 144 96
727 17 33 240 160
727 65 241 120 80
728 49 65 240 160
728 325 19 90 60
728 331 211 90 60
729 133 85 180 120
729 49 37 90 60
730 1 49 360 240
731 29 145 144 96
731 97 281 120 80
732 49 33 240 160
732 61 223 90 60
733 10 116 144 96
733 187 31 90 60
733 313 97 90 60
733 181 97 90 60
734 25 73 360 240
735 10 49 144 96
736 29 116 144 96
736 361 49 90 60
736 235 25 90 60
736 301 235 90 60
736 271 157 90 60
737 25 121 120 80
737 325 19 90 60
737 325 217 90 60
737 211 163 90 60
738 105 177 120 80
739 1 81 240 160
739 355 211 90 60
739 281 41 120 80
740 43 163 90 60
740 129 97 240 160
740 157 295 90 60
740 31 103 90 60
741 17 113 240 160
742 241 209 120 80
742 241 61 90 60
742 9 209 120 80
742 1 55 90 60
742 127 241 90 60
743 39 241 144 96
743 10 29 144 96
744 13 85 90 60
745 25 103 90 60
745 121 229 90 60
746 57 145 120 80
746 37 67 90 60
746 201 233 120 80
747 231 106 144 96
747 31 145 90 60
747 163 19 90 60
748 29 125 144 96
748 187 109 90 60
748 199 361 90 60
749 97 77 144 96
749 337 7 90 60
750 81 233 120 80
750 49 49 180 120
751 65 65 240 160
752 25 37 180 120
753 33 49 240 160
753 33 257 240 160
754 41 145 120 80
755 17 81 240 160
755 289 125 144 96
755 241 25 120 80
756 1 49 360 240
757 73 235 90 60
757 20 49 144 96
757 65 337 120 80
757 55 163 90 60
758 49 85 180 120
759 97 277 180 120
760 49 97 180 120
761 20 68 144 96
762 81 113 240 160
763 77 289 144 96
763 1 49 180 120
763 241 187 90 60
764 20 173 144 96
764 73 81 120 80
765 73 91 90 60
765 331 187 90 60
766 43 277 90 60
766 81 1 120 80
767 193 37 180 120
767 37 217 180 120
768 1 193 180 120
768 65 17 240 160
768 193 225 120 80
769 25 49 360 240
770 106 135 144 96
771 65 113 240 160
772 77 202 144 96
772 19 43 90 60
773 202 164 144 96
773 202 20 144 96
774 25 49 360 240
775 9 105 120 80
775 127 67 90 60
775 193 331 90 60
776 33 65 120 80
776 57 313 120 80
776 145 225 120 80
776 193 337 90 60
776 55 223 90 60
777 33 97 120 80
777 133 217 90 60
777 223 31 90 60
777 7 331 90 60
778 43 97 90 60
778 97 19 90 60
778 163 133 90 60
779 67 205 90 60
780 33 65 240 160
780 103 379 90 60
781 49 225 240 160
782 39 250 144 96
783 25 289 90 60
783 79 97 90 60
783 223 169 90 60
784 49 109 180 120
784 221 1 144 96
784 225 153 120 80
785 33 49 240 160
786 9 113 120 80
786 265 235 90 60
786 175 25 90 60
787 49 65 240 160
787 253 367 90 60
788 25 25 360 240
789 29 173 144 96
789 199 217 90 60
790 1 81 240 160
790 289 145 90 60
791 58 193 144 96
791 73 37 180 120
792 113 97 240 160
793 89 65 120 80
793 97 305 120 80
794 33 129 240 160
794 331 229 90 60
794 331 139 90 60
795 121 73 120 80
795 9 177 120 80
795 235 211 90 60
795 25 73 90 60
796 49 25 360 240
796 19 283 90 60
797 37 61 180 120
798 1 25 360 240
799 41 185 120 80
799 211 25 90 60
799 133 121 90 60
800 17 49 240 160
800 229 253 90 60
801 91 121 90 60
801 187 91 90 60
802 25 49 360 240
803 151 19 90 60
803 13 205 180 120
803 187 337 90 60
803 307 157 90 60
804 61 85 180 120
805 49 173 144 96
805 187 43 90 60
805 250 193 144 96
806 33 33 240 160
806 49 257 240 160
807 13 97 180 120
807 201 201 120 80
807 212 49 144 96
808 169 33 120 80
808 103 163 90 60
809 37 61 180 120
809 241 173 144 96
810 17 113 120 80
811 65 273 120 80
811 20 58 144 96
812 39 77 144 96
813 39 97 144 96
814 29 106 144 96
814 271 265 90 60
814 325 7 90 60
815 79 79 90 60
815 19 211 90 60
815 298 20 144 96
815 169 97 120 80
816 79 115 90 60
816 25 265 120 80
817 73 121 90 60
817 1 249 120 80
818 25 25 360 240
819 49 151 90 60
820 58 125 144 96
821 37 199 90 60
821 55 373 90 60
821 49 61 90 60
821 151 259 90 60
821 169 133 90 60
821 169 55 90 60
822 106 221 144 96
822 271 277 90 60
822 127 163 90 60
823 49 49 240 160
824 33 209 240 160
825 10 106 144 96
825 235 13 90 60
825 145 201 120 80
826 31 103 90 60
827 19 97 90 60
827 33 321 120 80
828 17 305 120 80
828 33 73 120 80
829 133 133 180 120
829 241 57 120 80
830 20 183 144 96
830 181 91 90 60
830 277 67 90 60
830 289 337 90 60
831 13 205 180 120
831 273 81 120 80
831 193 265 120 80
832 1 65 240 160
832 229 193 180 120
833 39 135 144 96
833 177 281 120 80
834 33 81 240 160
835 1 57 120 80
835 67 361 90 60
835 121 67 90 60
836 31 205 90 60
836 139 265 90 60
836 121 9 120 80
836 313 253 90 60
836 164 145 144 96
837 116 87 144 96
838 49 49 240 160
839 65 65 240 160
840 37 133 180 120
840 161 17 120 80
840 145 313 180 120
841 29 97 144 96
841 199 235 90 60
842 337 85 90 60
842 269 154 144 96
842 151 229 90 60
843 55 133 90 60
843 355 145 90 60
844 106 116 144 96
844 259 31 90 60
844 151 43 90 60
845 9 137 120 80
845 87 39 144 96
846 29 154 144 96
847 81 161 120 80
848 37 217 180 120
849 25 49 360 240
850 31 79 90 60
850 175 43 90 60
851 37 145 180 120
851 202 250 144 96
851 125 10 144 96
852 49 49 360 240
853 25 193 120 80
853 33 33 120 80
853 25 321 120 80
854 1 25 360 240
855 29 116 144 96
855 175 55 90 60
856 173 241 144 96
856 10 97 144 96
856 211 337 90 60
857 9 113 120 80
857 241 199 90 60
857 319 31 90 60
857 253 121 90 60
857 57 217 120 80
857 349 199 90 60
858 19 115 90 60
858 33 265 120 80
859 97 289 120 80
859 37 367 90 60
860 25 145 180 120
861 33 49 240 160
861 55 355 90 60
861 259 277 90 60
861 273 369 120 80
862 20 279 144 96
862 145 57 120 80
863 91 103 90 60
863 33 193 240 160
864 13 145 180 120
865 17 193 120 80
865 65 345 120 80
865 55 61 90 60
865 187 301 90 60
866 25 161 120 80
866 175 241 90 60
866 133 49 90 60
867 49 154 144 96
867 193 115 90 60
868 1 164 144 96
869 17 97 240 160
870 175 247 90 60
871 37 169 90 60
871 231 183 144 96
871 295 103 90 60
872 19 121 90 60
872 281 65 120 80
872 157 175 90 60
873 41 105 120 80
874 25 57 120 80
874 209 289 120 80
874 175 187 90 60
875 9 145 120 80
875 319 19 90 60
875 289 163 90 60
875 193 273 120 80
875 55 223 90 60
876 91 139 90 60
876 283 25 90 60
876 313 241 90 60
877 55 235 90 60
878 89 145 120 80
878 289 105 120 80
879 25 265 120 80
879 13 133 90 60
879 145 369 120 80
880 58 87 144 96
880 209 137 120 80
880 259 31 90 60
880 202 241 144 96
880 13 373 90 60
881 65 81 240 160
882 58 125 144 96
882 283 31 90 60
882 229 259 90 60
882 37 19 90 60
882 205 199 90 60
883 81 105 120 80
884 41 177 120 80
884 41 305 120 80
884 61 31 90 60
885 81 81 240 160
885 181 25 90 60
886 65 65 240 160
887 121 61 180 120
887 33 193 240 160
887 271 301 90 60
888 33 145 120 80
888 193 331 90 60
889 17 65 240 160
890 29 116 144 96
890 133 331 90 60
891 31 181 90 60
891 33 49 120 80
892 129 137 120 80
892 10 39 144 96
892 289 73 90 60
892 283 193 90 60
893 25 25 360 240
894 1 177 120 80
894 85 91 90 60
894 289 55 90 60
894 1 259 90 60
894 175 61 90 60
895 49 49 120 80
895 25 249 120 80
896 49 113 120 80
896 265 145 90 60
896 283 31 90 60
897 49 116 144 96
898 116 58 144 96
898 13 241 180 120
899 1 49 360 240
900 65 81 240 160
901 9 97 120 80
901 355 217 90 60
902 39 173 144 96
902 163 301 90 60
903 43 85 90 60
903 175 109 90 60
903 199 319 90 60
904 58 58 144 96
904 73 343 90 60
904 169 313 90 60
905 49 73 120 80
905 169 127 90 60
905 181 7 90 60
907 43 109 90 60
907 135 106 144 96
908 10 116 144 96
909 33 97 240 160
909 349 325 90 60
909 289 49 144 96
910 97 65 120 80
910 229 127 90 60
910 253 13 90 60
910 1 265 180 120
911 49 161 120 80
911 73 91 90 60
911 169 85 90 60
911 7 391 90 60
912 17 33 120 80
912 29 212 144 96
912 145 103 90 60
912 201 369 120 80
912 145 1 144 96
913 25 85 180 120
913 295 115 90 60
913 271 175 90 60
914 49 77 144 96
915 205 145 180 120
915 49 121 120 80
915 25 247 90 60
915 211 25 90 60
916 41 153 120 80
916 169 181 90 60
917 49 81 240 160
918 1 49 360 240
919 37 271 90 60
919 17 129 120 80
920 41 121 120 80
920 211 247 90 60
921 1 1 360 240
922 61 145 90 60
922 67 19 90 60
922 61 235 90 60
923 61 97 180 120
924 58 97 144 96
924 151 265 90 60
925 187 145 90 60
925 20 87 144 96
926 25 133 180 120
927 73 113 120 80
928 106 97 144 96
929 1 106 144 96
929 145 49 144 96
929 49 313 90 60
929 145 202 144 96
929 91 379 90 60
930 13 145 180 120
931 1 49 360 240
932 49 137 120 80
933 33 129 120 80
933 85 67 90 60
933 217 137 120 80
934 58 49 144 96
934 41 209 120 80
934 163 193 90 60
935 49 109 180 120
935 31 19 90 60
935 211 7 90 60
936 31 109 90 60
937 37 67 90 60
937 109 217 90 60
937 91 319 90 60
937 193 289 90 60
938 137 41 120 80
938 157 193 90 60
939 29 221 144 96
939 49 121 90 60
940 29 154 144 96
940 305 33 120 80
940 319 145 90 60
941 25 49 360 240
942 25 169 120 80
943 1 229 180 120
943 115 49 90 60
944 49 109 180 120
945 81 145 240 160
945 343 193 90 60
946 135 202 144 96
946 97 139 90 60
946 249 25 120 80
946 355 139 90 60
946 19 247 90 60
947 49 49 360 240
948 17 193 120 80
948 193 37 90 60
948 161 145 120 80
949 1 25 360 240
950 37 97 90 60
950 55 163 90 60
951 25 129 120 80
951 187 187 90 60
951 201 273 120 80
952 17 81 240 160
952 121 241 180 120
953 37 73 180 120
953 253 181 90 60
954 41 177 120 80
954 199 337 90 60
955 41 97 120 80
955 277 13 90 60
956 65 97 120 80
957 1 73 360 240
957 313 13 90 60
958 41 105 120 80
960 1 49 144 96
960 73 353 120 80
960 49 217 120 80
961 17 169 120 80
961 235 49 90 60
962 61 217 180 120
962 113 105 120 80
962 277 235 90 60
962 265 33 120 80
962 265 337 90 60
963 17 137 120 80
963 301 61 90 60
963 163 7 90 60
963 259 121 90 60
964 49 231 144 96
965 49 183 144 96
965 187 289 90 60
966 25 97 90 60
966 121 217 90 60
966 145 19 90 60
967 97 65 240 160
968 65 49 240 160
969 37 229 180 120
969 283 121 90 60
970 49 116 144 96
970 253 205 90 60
971 33 81 240 160
971 269 125 144 96
972 39 106 144 96
972 301 25 90 60
972 61 283 90 60
972 277 193 90 60
973 13 277 180 120
973 20 68 144 96
973 247 175 90 60
974 1 65 240 160
974 235 79 90 60
974 253 19 90 60
975 25 81 120 80
976 1 81 240 160
977 29 135 144 96
977 161 1 240 160
978 65 81 240 160
979 33 113 240 160
979 253 67 90 60
980 49 97 240 160
981 25 73 180 120
981 225 129 120 80
981 343 103 90 60
981 109 205 90 60
982 25 133 180 120
982 265 31 90 60
983 1 113 120 80
983 319 31 90 60
984 103 301 90 60
984 235 19 90 60
984 73 157 90 60
984 187 367 90 60
985 49 33 240 160
985 281 193 120 80
986 20 97 144 96
987 25 1 360 240
988 49 91 90 60
988 9 201 120 80
988 241 73 90 60
989 17 49 240 160
990 97 49 240 160
991 13 97 180 120
991 73 17 120 80
991 145 273 240 160
991 289 67 90 60
991 157 217 90 60
992 20 183 144 96
992 153 97 120 80
993 17 97 240 160
993 313 25 120 80
993 305 153 120 80
994 25 91 90 60
994 127 49 90 60
994 49 221 144 96
994 19 163 90 60
994 361 73 90 60
995 17 129 120 80
995 29 250 144 96
995 175 379 90 60
996 31 235 90 60
996 17 105 120 80
996 265 139 90 60
997 116 164 144 96
997 301 253 90 60
997 217 13 90 60
998 33 65 240 160
998 337 193 90 60
998 301 1 90 60
999 9 153 120 80
999 121 31 90 60
1000 20 116 144 96
1000 247 295 90 60
1000 321 177 120 80
