1 41.0 187.0 240.0 160.0
1 211 96 90 60
1 296 241 90 60
2 27.0 67.0 120.0 80.0
2 47.0 301.0 120.0 80.0
2 86 156 90 60
2 181 261 90 60
3 14.0 107.0 120.0 80.0
3 261 91 90 60
3 327.0 154.0 120.0 80.0
3 141 96 90 60
3 51 191 90 60
4 7.0 254.0 120.0 80.0
4 61 76 90 60
4 305.0 313.0 144.0 96.0
4 191 296 90 60
4 201 96 90 60
4 247.0 154.0 120.0 80.0
5 41.0 73.0 144.0 96.0
5 46 246 90 60
5 176 11 90 60
5 186 196 90 60
5 11 326 90 60
6 71 191 180 120
6 41.0 33.0 144.0 96.0
6 314.0 101.0 120.0 80.0
6 216 71 90 60
7 101 101 180 120
7 174.0 221.0 120.0 80.0
7 221 41 90 60
8 54.0 81.0 240.0 160.0
9 21.0 61.0 360.0 240.0
10 114.0 321.0 120.0 80.0
10 41.0 47.0 120.0 80.0
10 136 186 90 60
10 41 201 90 60
10 226 216 90 60
11 71 121 180 120
11 296 116 90 60
11 236 51 90 60
11 336 266 90 60
11 261 206 90 60
12 14.0 107.0 120.0 80.0
12 46 216 90 60
12 196 21 90 60
12 251 216 90 60
13 47.0 94.0 120.0 80.0
13 21.0 241.0 120.0 80.0
13 161.0 214.0 120.0 80.0
13 196 321 90 60
13 161 151 90 60
13 126 386 90 60
14 14.0 74.0 120.0 80.0
14 106 296 90 60
14 166 221 90 60
14 166 51 90 60
15 57.0 249.0 144.0 96.0
15 11 131 180 120
15 231 16 90 60
16 21 171 180 120
16 266 346 90 60
16 136 101 90 60
16 146 346 90 60
17 49.0 169.0 144.0 96.0
17 221 276 90 60
17 241 146 90 60
17 331 256 90 60
18 27.0 107.0 240.0 160.0
18 266 196 90 60
18 361 276 90 60
18 46 266 90 60
19 11 101 180 120
19 41.0 249.0 144.0 96.0
19 206 166 90 60
19 261 101 90 60
19 16 386 90 60
19 271 291 90 60
20 14.0 121.0 240.0 160.0
20 66 41 90 60
20 191 36 90 60
20 266 161 90 60
20 256 246 90 60
21 33.0 137.0 144.0 96.0
21 66 41 90 60
21 211 121 90 60
21 241 56 90 60
21 231 206 90 60
21 101.0 241.0 120.0 80.0
21 246 266 90 60
22 1.0 41.0 360.0 240.0
23 1.0 21.0 360.0 240.0
24 61 131 180 120
24 97.0 281.0 144.0 96.0
24 136 381 90 60
24 141 16 90 60
25 31 81 180 120
25 1 366 90 60
25 1 201 90 60
25 6 1 90 60
25 1 306 90 60
26 47.0 174.0 120.0 80.0
26 261 306 90 60
26 161 21 90 60
26 267.0 107.0 120.0 80.0
27 47.0 107.0 120.0 80.0
27 66 236 90 60
27 169.0 217.0 144.0 96.0
28 31 81 180 120
28 346 201 90 60
29 41.0 113.0 144.0 96.0
29 176 246 90 60
29 201.0 21.0 120.0 80.0
29 71 216 90 60
29 17.0 9.0 144.0 96.0
29 356 261 90 60
30 181.0 147.0 120.0 80.0
30 261 66 90 60
30 14.0 101.0 120.0 80.0
30 217.0 241.0 144.0 96.0
30 316 1 90 60
31 49.0 137.0 144.0 96.0
31 141.0 234.0 120.0 80.0
31 156 61 90 60
31 266 6 90 60
31 251 301 90 60
31 267.0 201.0 120.0 80.0
32 27.0 161.0 120.0 80.0
32 81.0 7.0 120.0 80.0
32 201 191 90 60
33 25.0 81.0 144.0 96.0
33 174.0 174.0 120.0 80.0
33 301.0 174.0 120.0 80.0
33 281 96 90 60
33 214.0 14.0 120.0 80.0
33 21 176 90 60
34 31 211 180 120
34 121.0 81.0 144.0 96.0
34 209.0 321.0 144.0 96.0
34 47.0 347.0 120.0 80.0
34 14.0 14.0 120.0 80.0
35 49.0 41.0 144.0 96.0
35 266 81 90 60
36 21.0 161.0 120.0 80.0
36 234.0 314.0 120.0 80.0
36 261 66 90 60
37 14.0 81.0 240.0 160.0
37 321 166 90 60
37 186 326 90 60
38 67.0 287.0 120.0 80.0
38 201.0 7.0 120.0 80.0
38 156 116 90 60
38 211 176 90 60
39 137.0 233.0 144.0 96.0
39 51 101 180 120
39 236 161 90 60
39 321.0 87.0 120.0 80.0
40 27.0 41.0 240.0 160.0
41 254.0 194.0 120.0 80.0
41 167.0 1.0 120.0 80.0
41 121 361 90 60
41 51 71 90 60
41 21 131 90 60
41 1 376 90 60
41 1 216 90 60
41 36 291 90 60
42 1 21 90 60
42 21 241 90 60
42 226 261 90 60
42 261 121 90 60
42 351 181 90 60
42 136 241 90 60
43 54.0 67.0 240.0 160.0
43 166 11 90 60
43 346 166 90 60
44 57.0 169.0 144.0 96.0
44 289.0 305.0 144.0 96.0
44 211 196 90 60
44 291 126 90 60
44 331 231 90 60
44 316 36 90 60
44 176 86 90 60
44 111 276 90 60
44 181 16 90 60
45 161.0 207.0 120.0 80.0
45 67.0 27.0 120.0 80.0
45 227.0 101.0 120.0 80.0
46 67.0 214.0 240.0 160.0
46 167.0 134.0 120.0 80.0
46 46 151 90 60
46 171 56 90 60
47 51 71 180 120
47 241 81 90 60
48 27.0 241.0 120.0 80.0
48 31 91 90 60
48 127.0 314.0 120.0 80.0
49 25.0 145.0 144.0 96.0
49 166 251 90 60
49 247.0 41.0 120.0 80.0
49 301 281 90 60
49 41 256 90 60
50 25.0 145.0 144.0 96.0
50 286 51 90 60
50 306 261 90 60
51 321.0 101.0 120.0 80.0
51 156 216 90 60
51 141 126 90 60
51 306 251 90 60
51 9.0 1.0 144.0 96.0
51 171 296 90 60
51 71 301 90 60
52 67.0 67.0 240.0 160.0
53 27.0 94.0 240.0 160.0
53 286 91 90 60
54 41.0 41.0 240.0 160.0
55 41.0 21.0 360.0 240.0
56 116 251 90 60
56 101 76 90 60
56 14.0 141.0 120.0 80.0
56 196 126 90 60
56 236 296 90 60
57 36 151 90 60
57 351 46 90 60
57 21 21 90 60
57 294.0 114.0 120.0 80.0
57 161 76 90 60
57 261 31 90 60
57 167.0 141.0 120.0 80.0
58 81.0 134.0 240.0 160.0
58 281.0 21.0 120.0 80.0
58 129.0 9.0 144.0 96.0
59 41.0 94.0 120.0 80.0
60 21.0 41.0 360.0 240.0
61 41.0 81.0 240.0 160.0
61 246 236 90 60
61 287.0 34.0 120.0 80.0
61 36 261 90 60
62 31 81 180 120
62 221 91 180 120
63 33.0 129.0 144.0 96.0
63 301 21 90 60
63 351 211 90 60
63 301.0 127.0 120.0 80.0
64 36 216 90 60
65 54.0 81.0 240.0 160.0
65 51 1 90 60
65 206 356 90 60
65 174.0 267.0 120.0 80.0
65 86 286 90 60
66 21 161 180 120
66 271 311 90 60
66 216 231 90 60
66 207.0 114.0 120.0 80.0
66 196 16 90 60
67 11 101 90 60
67 31 291 90 60
67 116 146 90 60
67 227.0 194.0 120.0 80.0
67 231 131 90 60
68 21.0 101.0 120.0 80.0
68 246 16 90 60
68 261.0 154.0 120.0 80.0
69 54.0 81.0 240.0 160.0
69 111 281 90 60
69 201.0 261.0 120.0 80.0
69 187.0 1.0 120.0 80.0
70 33.0 121.0 144.0 96.0
70 156 66 90 60
71 21 181 180 120
71 136 61 90 60
71 11 46 90 60
71 26 366 90 60
71 216 206 90 60
72 67.0 54.0 240.0 160.0
72 21 216 90 60
72 261 206 90 60
72 356 216 90 60
72 336 116 90 60
73 14.0 187.0 120.0 80.0
73 21.0 47.0 120.0 80.0
73 67.0 347.0 120.0 80.0
73 171 196 90 60
74 81.0 201.0 120.0 80.0
74 41 121 90 60
74 154.0 21.0 120.0 80.0
74 276 96 90 60
75 81 131 180 120
75 307.0 101.0 120.0 80.0
76 17.0 233.0 144.0 96.0
76 76 111 90 60
76 116 371 90 60
76 171 91 90 60
76 67.0 7.0 120.0 80.0
76 236 391 90 60
77 27.0 107.0 120.0 80.0
77 186 236 90 60
78 11 91 180 120
78 251 1 90 60
78 193.0 113.0 144.0 96.0
79 21.0 61.0 360.0 240.0
79 356 21 90 60
79 361 256 90 60
80 25.0 201.0 144.0 96.0
80 211 96 90 60
80 191 166 90 60
81 21 181 180 120
81 276 136 90 60
81 261 336 90 60
81 211 31 90 60
81 46 101 90 60
82 16 136 90 60
82 331 106 90 60
82 336 181 90 60
82 121.0 177.0 144.0 96.0
82 194.0 41.0 120.0 80.0
83 9.0 113.0 144.0 96.0
83 266 221 90 60
83 356 1 90 60
84 174.0 134.0 240.0 160.0
84 21.0 134.0 120.0 80.0
84 116 61 90 60
84 214.0 34.0 120.0 80.0
85 27.0 121.0 120.0 80.0
85 266 131 90 60
85 171 116 90 60
85 287.0 254.0 120.0 80.0
85 241 26 90 60
85 341 1 90 60
85 196 281 90 60
85 181.0 187.0 120.0 80.0
86 41.0 113.0 144.0 96.0
86 296 236 90 60
86 186 81 90 60
86 346 36 90 60
87 21 246 90 60
87 41.0 147.0 120.0 80.0
87 66 46 90 60
87 356 11 90 60
87 266 276 90 60
88 46 166 90 60
88 11 261 90 60
88 137.0 129.0 144.0 96.0
88 206 346 90 60
88 216 271 90 60
89 49.0 105.0 144.0 96.0
89 46 16 90 60
90 41.0 101.0 360.0 240.0
91 33.0 113.0 144.0 96.0
91 311 26 90 60
92 126 116 90 60
92 81 186 90 60
92 221 181 180 120
93 61 81 180 120
93 106 256 90 60
93 241 46 90 60
94 9.0 65.0 144.0 96.0
94 166 106 90 60
94 311 146 90 60
95 34.0 187.0 120.0 80.0
95 71 76 90 60
95 176 296 90 60
95 196 91 90 60
96 7.0 134.0 120.0 80.0
96 221 251 90 60
96 161.0 67.0 240.0 160.0
97 16 326 90 60
97 11 76 90 60
97 51 201 90 60
97 96 11 90 60
97 16 136 90 60
97 146 166 90 60
97 106 106 90 60
98 57.0 169.0 144.0 96.0
98 81 11 180 120
98 76 366 90 60
98 131 266 90 60
98 1 271 90 60
98 211 171 90 60
99 41.0 161.0 144.0 96.0
99 226 66 90 60
99 76 316 90 60
99 241 171 90 60
99 61 66 90 60
99 167.0 314.0 120.0 80.0
100 281.0 97.0 144.0 96.0
100 31 171 90 60
101 51 41 180 120
101 256 71 90 60
102 61 81 180 120
102 31 21 90 60
103 161.0 94.0 240.0 160.0
103 7.0 181.0 120.0 80.0
103 21.0 61.0 120.0 80.0
104 121.0 73.0 144.0 96.0
104 311 216 90 60
105 41.0 121.0 144.0 96.0
105 216 56 90 60
105 147.0 241.0 120.0 80.0
106 86 56 90 60
106 61 171 90 60
106 81 326 90 60
106 1 11 90 60
106 176 6 90 60
106 156 236 90 60
106 191 296 90 60
107 31 111 180 120
107 206 211 90 60
107 227.0 121.0 120.0 80.0
107 101 261 90 60
108 27.0 94.0 240.0 160.0
108 131 266 90 60
108 251 281 90 60
108 36 271 90 60
108 361 271 90 60
109 1.0 107.0 120.0 80.0
109 41.0 267.0 120.0 80.0
109 121 111 90 60
109 201 391 90 60
110 31 61 180 120
110 56 211 90 60
111 27.0 87.0 120.0 80.0
111 351 16 90 60
111 326 226 90 60
111 141 231 90 60
111 41 206 90 60
111 241.0 114.0 120.0 80.0
112 21 316 90 60
112 73.0 153.0 144.0 96.0
112 201 46 90 60
112 131 346 90 60
112 111 66 90 60
113 11 111 180 120
113 217.0 9.0 144.0 96.0
113 271 186 90 60
113 301 121 90 60
113 116 51 90 60
114 11 56 90 60
114 86 156 90 60
114 66 326 90 60
114 71 241 90 60
115 14.0 241.0 240.0 160.0
115 76 66 90 60
115 206 71 90 60
116 73.0 105.0 144.0 96.0
116 206 316 90 60
116 1 21 90 60
116 306 181 90 60
116 286 261 90 60
117 201.0 141.0 120.0 80.0
117 331 126 90 60
117 346 226 90 60
117 326 66 90 60
117 221 76 90 60
118 314.0 1.0 120.0 80.0
118 156 171 90 60
118 11 126 90 60
118 107.0 61.0 120.0 80.0
119 49.0 81.0 144.0 96.0
119 161 11 90 60
119 201 136 90 60
120 17.0 121.0 144.0 96.0
120 196 21 90 60
120 196 271 90 60
120 111 346 90 60
121 36 291 90 60
121 14.0 121.0 120.0 80.0
121 121.0 201.0 144.0 96.0
121 105.0 17.0 144.0 96.0
121 116 391 90 60
121 221 381 90 60
122 21.0 81.0 360.0 240.0
122 156 26 90 60
123 17.0 129.0 144.0 96.0
124 41.0 27.0 240.0 160.0
124 281.0 87.0 120.0 80.0
125 9.0 121.0 144.0 96.0
125 281 51 90 60
125 154.0 174.0 120.0 80.0
126 91 151 90 60
126 196 136 90 60
126 187.0 34.0 120.0 80.0
127 21.0 147.0 120.0 80.0
128 41.0 107.0 240.0 160.0
128 214.0 14.0 120.0 80.0
128 321 136 90 60
128 91 41 90 60
129 31 91 180 120
129 146 31 90 60
129 216 131 90 60
129 321 16 90 60
130 1.0 67.0 240.0 160.0
130 286 136 90 60
130 246 51 90 60
131 336 116 90 60
131 9.0 73.0 144.0 96.0
131 156 96 90 60
131 246 106 90 60
131 356 211 90 60
132 21.0 221.0 120.0 80.0
132 134.0 161.0 120.0 80.0
132 331 156 90 60
132 294.0 281.0 120.0 80.0
133 27.0 127.0 120.0 80.0
133 141 256 90 60
133 181 136 90 60
133 146 66 90 60
134 154.0 147.0 120.0 80.0
134 34.0 141.0 120.0 80.0
134 305.0 153.0 144.0 96.0
134 256 251 90 60
134 153.0 17.0 144.0 96.0
134 16 266 90 60
135 25.0 201.0 144.0 96.0
135 47.0 47.0 120.0 80.0
135 321.0 241.0 120.0 80.0
135 206 96 90 60
135 176 281 90 60
136 31 151 180 120
136 346 306 90 60
136 246 296 90 60
136 227.0 1.0 120.0 80.0
136 27.0 14.0 120.0 80.0
136 351 386 90 60
136 209.0 193.0 144.0 96.0
137 96 156 90 60
137 306 281 90 60
137 51 226 90 60
138 134.0 261.0 120.0 80.0
138 27.0 74.0 120.0 80.0
138 281 261 90 60
138 156 76 90 60
139 33.0 97.0 144.0 96.0
139 186 116 90 60
139 57.0 233.0 144.0 96.0
139 171 176 90 60
139 191 51 90 60
139 201 256 90 60
140 7.0 241.0 120.0 80.0
140 21 356 90 60
140 194.0 21.0 120.0 80.0
140 7.0 134.0 120.0 80.0
140 211 256 90 60
140 7.0 21.0 120.0 80.0
140 201.0 134.0 120.0 80.0
140 174.0 327.0 120.0 80.0
141 167.0 94.0 120.0 80.0
141 221 226 90 60
141 326 251 90 60
141 341 81 90 60
141 106 181 90 60
141 1 256 90 60
141 31 126 90 60
142 1.0 41.0 360.0 240.0
143 46 196 90 60
143 191 316 90 60
143 171 31 90 60
143 51 16 90 60
144 21.0 141.0 120.0 80.0
144 301 91 90 60
144 154.0 94.0 120.0 80.0
145 1.0 107.0 240.0 160.0
146 91 71 180 120
146 206 206 90 60
146 36 206 90 60
147 1.0 41.0 360.0 240.0
148 21.0 1.0 360.0 240.0
149 27.0 81.0 240.0 160.0
149 306 131 90 60
150 201.0 89.0 144.0 96.0
150 346 86 90 60
151 1.0 81.0 240.0 160.0
152 161 206 90 60
152 9.0 177.0 144.0 96.0
152 96 51 90 60
152 161 136 90 60
152 221.0 21.0 120.0 80.0
152 351 21 90 60
152 301 186 90 60
152 336 106 90 60
153 67.0 81.0 120.0 80.0
153 25.0 289.0 144.0 96.0
153 171 306 90 60
153 36 181 90 60
154 236 56 90 60
154 25.0 185.0 144.0 96.0
154 111 21 90 60
154 336 26 90 60
155 25.0 177.0 144.0 96.0
155 297.0 1.0 144.0 96.0
155 226 166 90 60
155 127.0 34.0 120.0 80.0
155 161 251 90 60
156 33.0 97.0 144.0 96.0
156 247.0 94.0 120.0 80.0
157 81.0 181.0 120.0 80.0
157 154.0 47.0 120.0 80.0
157 311 11 90 60
157 216 256 90 60
157 346 71 90 60
158 101 101 180 120
158 6 156 90 60
158 281 66 90 60
158 91 221 90 60
159 27.0 41.0 120.0 80.0
159 41.0 194.0 120.0 80.0
159 46 351 90 60
159 1 291 90 60
159 206 291 90 60
160 25.0 73.0 144.0 96.0
160 336 41 90 60
160 221 46 90 60
161 9.0 137.0 144.0 96.0
161 176 6 90 60
162 14.0 81.0 240.0 160.0
162 71 11 90 60
162 346 216 90 60
162 289.0 113.0 144.0 96.0
162 256 231 90 60
162 191 21 90 60
163 214.0 114.0 120.0 80.0
163 287.0 14.0 120.0 80.0
163 7.0 27.0 120.0 80.0
163 46 161 90 60
163 156 31 90 60
164 57.0 89.0 144.0 96.0
164 286 116 90 60
164 96 206 90 60
164 194.0 194.0 120.0 80.0
165 41.0 61.0 360.0 240.0
166 27.0 54.0 240.0 160.0
166 111 216 90 60
167 61.0 107.0 120.0 80.0
167 47.0 14.0 120.0 80.0
168 74.0 334.0 120.0 80.0
168 41.0 49.0 144.0 96.0
168 27.0 181.0 120.0 80.0
168 121 261 90 60
168 196 136 90 60
168 196 331 90 60
169 26 111 90 60
169 186 226 90 60
169 7.0 281.0 120.0 80.0
169 91 361 90 60
170 81 61 90 60
170 16 266 90 60
170 191 11 90 60
170 71 386 90 60
170 211 111 90 60
171 1.0 61.0 360.0 240.0
172 71 276 90 60
172 21 41 180 120
172 1.0 177.0 144.0 96.0
173 49.0 129.0 144.0 96.0
173 336 161 90 60
173 251 71 90 60
173 301 236 90 60
173 176 291 90 60
173 351 101 90 60
174 11 221 180 120
174 266 46 90 60
174 171 346 90 60
174 211 266 90 60
174 256 141 90 60
174 121 31 90 60
174 11 341 90 60
175 14.0 94.0 240.0 160.0
176 21.0 81.0 360.0 240.0
177 131 261 90 60
177 6 346 90 60
177 11 176 90 60
178 14.0 241.0 240.0 160.0
178 153.0 145.0 144.0 96.0
178 181 81 90 60
178 1 186 90 60
178 211 391 90 60
179 14.0 241.0 240.0 160.0
179 101.0 134.0 120.0 80.0
179 196 76 90 60
179 74.0 54.0 120.0 80.0
180 33.0 145.0 144.0 96.0
180 273.0 233.0 144.0 96.0
180 274.0 81.0 120.0 80.0
181 47.0 174.0 120.0 80.0
181 166 121 90 60
181 216 211 90 60
181 74.0 294.0 120.0 80.0
182 56 226 90 60
182 36 51 90 60
182 134.0 107.0 120.0 80.0
183 27.0 81.0 240.0 160.0
183 301 6 90 60
184 21 286 90 60
184 41 76 90 60
184 145.0 1.0 144.0 96.0
184 216 171 90 60
184 341 156 90 60
185 1.0 21.0 360.0 240.0
186 41.0 41.0 360.0 240.0
187 17.0 145.0 144.0 96.0
187 257.0 177.0 144.0 96.0
188 1.0 61.0 360.0 240.0
188 286 1 90 60
189 287.0 134.0 120.0 80.0
189 146 6 90 60
189 196 101 90 60
189 31 106 90 60
190 209.0 153.0 144.0 96.0
190 351 166 90 60
190 87.0 134.0 120.0 80.0
190 327.0 34.0 120.0 80.0
190 201 281 90 60
190 116 221 90 60
191 61 46 90 60
191 1.0 227.0 240.0 160.0
191 41.0 134.0 120.0 80.0
192 1 111 180 120
192 11 241 90 60
192 351 61 90 60
192 306 341 90 60
192 216 1 90 60
193 61 231 90 60
193 17.0 113.0 144.0 96.0
193 211 231 90 60
193 316 166 90 60
193 307.0 234.0 120.0 80.0
193 311 101 90 60
193 51 36 90 60
194 1.0 34.0 120.0 80.0
194 141 331 90 60
194 54.0 174.0 120.0 80.0
194 21 276 90 60
194 174.0 67.0 120.0 80.0
195 41.0 94.0 240.0 160.0
195 166 36 90 60
195 26 341 90 60
195 36 276 90 60
195 134.0 261.0 120.0 80.0
196 65.0 97.0 144.0 96.0
196 316 1 90 60
196 146 26 90 60
196 261 131 90 60
197 36 121 90 60
197 81 196 90 60
197 146 121 90 60
197 294.0 234.0 120.0 80.0
197 256 16 90 60
198 26 201 90 60
198 41 71 90 60
198 221 251 90 60
198 127.0 21.0 120.0 80.0
198 307.0 167.0 120.0 80.0
198 305.0 25.0 144.0 96.0
198 216 176 90 60
199 81 121 180 120
199 36 36 90 60
199 126 16 90 60
200 27.0 67.0 240.0 160.0
200 91 11 90 60
201 145.0 273.0 144.0 96.0
201 54.0 61.0 120.0 80.0
201 1.0 313.0 144.0 96.0
201 6 231 90 60
202 17.0 137.0 144.0 96.0
202 186 256 90 60
202 321.0 267.0 120.0 80.0
202 241.0 74.0 120.0 80.0
202 9.0 273.0 144.0 96.0
203 14.0 87.0 120.0 80.0
203 161 106 90 60
203 291 111 90 60
204 1.0 241.0 144.0 96.0
204 81.0 114.0 120.0 80.0
204 166 246 90 60
204 246 26 90 60
205 1.0 174.0 240.0 160.0
205 141.0 61.0 120.0 80.0
206 31 201 180 120
206 91 26 90 60
206 201 76 90 60
207 47.0 134.0 120.0 80.0
207 166 106 90 60
207 356 311 90 60
207 41 286 90 60
207 151 271 90 60
208 41.0 147.0 240.0 160.0
208 236 26 90 60
208 201.0 305.0 144.0 96.0
209 1.0 141.0 120.0 80.0
209 1 301 90 60
209 121 76 90 60
210 41 191 180 120
210 196 361 90 60
210 141 86 90 60
210 91 311 90 60
211 67.0 67.0 240.0 160.0
211 356 226 90 60
211 346 91 90 60
212 67.0 54.0 240.0 160.0
212 316 96 90 60
213 31 101 180 120
213 1 221 90 60
213 116 231 90 60
213 114.0 1.0 120.0 80.0
213 346 36 90 60
214 57.0 121.0 144.0 96.0
214 221 21 90 60
214 211 121 90 60
214 131 281 90 60
215 67.0 94.0 240.0 160.0
216 176 81 90 60
216 151 206 90 60
216 341 181 90 60
216 6 101 90 60
216 321 66 90 60
216 145.0 273.0 144.0 96.0
216 1 341 90 60
217 41 301 90 60
217 1.0 114.0 120.0 80.0
217 41 231 90 60
217 167.0 214.0 120.0 80.0
218 25.0 113.0 144.0 96.0
218 17.0 9.0 144.0 96.0
218 171 111 90 60
218 287.0 261.0 120.0 80.0
218 174.0 187.0 120.0 80.0
219 21.0 81.0 360.0 240.0
220 25.0 97.0 144.0 96.0
221 116 311 90 60
221 116 131 90 60
221 236 91 90 60
221 226 326 90 60
221 11 96 90 60
221 16 366 90 60
221 241 21 90 60
221 91 206 90 60
221 136 376 90 60
222 27.0 94.0 240.0 160.0
222 294.0 67.0 120.0 80.0
223 27.0 81.0 240.0 160.0
223 134.0 241.0 120.0 80.0
224 11 331 180 120
224 31 141 180 120
224 191 56 90 60
224 211 156 90 60
225 33.0 97.0 144.0 96.0
225 201 206 90 60
225 201 76 90 60
225 356 6 90 60
225 181 286 90 60
225 261 1 90 60
225 356 81 90 60
225 346 176 90 60
226 105.0 97.0 144.0 96.0
226 6 271 90 60
226 185.0 193.0 144.0 96.0
226 346 281 90 60
227 27.0 67.0 240.0 160.0
227 266 61 90 60
228 1 61 180 120
228 281.0 193.0 144.0 96.0
228 301 56 90 60
229 1.0 21.0 360.0 240.0
229 351 136 90 60
230 34.0 161.0 120.0 80.0
230 351 231 90 60
230 321 31 90 60
230 246 316 90 60
230 226 46 90 60
230 156 176 90 60
231 54.0 94.0 240.0 160.0
231 227.0 21.0 120.0 80.0
231 291 101 90 60
232 21.0 41.0 360.0 240.0
233 33.0 97.0 144.0 96.0
233 6 261 90 60
233 226 26 90 60
233 271 236 90 60
233 236 141 90 60
234 91 231 90 60
234 34.0 74.0 120.0 80.0
234 305.0 17.0 144.0 96.0
234 331 126 90 60
234 186 66 90 60
234 106 301 90 60
235 1.0 21.0 360.0 240.0
236 97.0 297.0 144.0 96.0
236 11 211 90 60
236 121 236 90 60
236 106 86 90 60
237 41.0 67.0 240.0 160.0
238 51 91 180 120
238 307.0 1.0 120.0 80.0
239 241.0 121.0 120.0 80.0
239 111 136 90 60
239 301 246 90 60
239 6 6 90 60
239 96 51 90 60
240 76 91 90 60
240 186 116 90 60
241 14.0 67.0 240.0 160.0
242 57.0 81.0 144.0 96.0
242 61.0 221.0 120.0 80.0
242 236 36 90 60
242 51 311 90 60
242 201.0 307.0 120.0 80.0
242 191 176 90 60
243 54.0 54.0 240.0 160.0
243 121 236 90 60
243 211 231 90 60
244 146 111 90 60
244 281 146 90 60
244 271 86 90 60
245 116 31 90 60
245 74.0 101.0 120.0 80.0
245 306 121 90 60
246 54.0 81.0 240.0 160.0
246 311 121 90 60
247 36 111 90 60
247 226 206 90 60
247 111 191 90 60
247 296 1 90 60
248 54.0 54.0 240.0 160.0
249 17.0 113.0 144.0 96.0
249 301 256 90 60
249 286 191 90 60
249 206 6 90 60
249 194.0 87.0 120.0 80.0
250 21.0 21.0 360.0 240.0
251 156 181 90 60
251 21 186 90 60
251 96 351 90 60
251 21.0 14.0 120.0 80.0
251 121 121 90 60
251 1.0 249.0 144.0 96.0
251 186 346 90 60
252 46 146 90 60
252 66 56 90 60
252 246 36 90 60
252 27.0 227.0 120.0 80.0
252 301 261 90 60
253 14.0 187.0 240.0 160.0
253 91 1 90 60
254 174.0 94.0 240.0 160.0
254 236 36 90 60
254 7.0 161.0 120.0 80.0
255 67.0 94.0 240.0 160.0
255 211 256 90 60
256 21.0 21.0 360.0 240.0
256 161 256 90 60
257 21.0 94.0 120.0 80.0
257 281.0 105.0 144.0 96.0
257 171 71 90 60
258 81.0 67.0 240.0 160.0
259 21 191 180 120
259 91 101 90 60
259 201 51 90 60
260 201.0 161.0 144.0 96.0
260 17.0 305.0 144.0 96.0
260 9.0 25.0 144.0 96.0
260 27.0 174.0 120.0 80.0
260 209.0 33.0 144.0 96.0
260 274.0 274.0 120.0 80.0
260 181.0 361.0 120.0 80.0
261 201.0 177.0 144.0 96.0
261 9.0 17.0 144.0 96.0
261 209.0 25.0 144.0 96.0
261 14.0 181.0 120.0 80.0
261 17.0 321.0 144.0 96.0
261 181 281 180 120
262 27.0 41.0 240.0 160.0
262 297.0 89.0 144.0 96.0
263 9.0 89.0 144.0 96.0
263 17.0 201.0 144.0 96.0
263 36 341 90 60
263 171 136 90 60
264 33.0 249.0 144.0 96.0
265 73.0 121.0 144.0 96.0
266 57.0 1.0 144.0 96.0
266 31 261 180 120
266 226 141 90 60
266 206 386 90 60
267 54.0 67.0 240.0 160.0
268 1.0 41.0 360.0 240.0
268 346 16 90 60
268 361 231 90 60
269 161 71 180 120
269 201 206 90 60
269 51 111 90 60
269 301 196 90 60
269 341 66 90 60
269 351 131 90 60
270 1 171 180 120
271 31 91 180 120
271 361 176 90 60
271 211 146 90 60
271 361 31 90 60
271 91 211 90 60
271 186 211 90 60
272 11 51 180 120
272 127.0 187.0 120.0 80.0
273 21.0 41.0 360.0 240.0
274 76 176 90 60
274 21 341 90 60
274 41.0 34.0 120.0 80.0
274 167.0 127.0 120.0 80.0
275 181.0 121.0 120.0 80.0
275 301 141 90 60
275 221 41 90 60
275 306 1 90 60
275 26 131 90 60
276 27.0 234.0 120.0 80.0
276 66 131 90 60
276 126 311 90 60
276 11 366 90 60
276 41 36 90 60
276 206 201 90 60
277 34.0 167.0 120.0 80.0
277 234.0 167.0 120.0 80.0
277 256 21 90 60
277 121.0 267.0 120.0 80.0
277 11 6 90 60
278 11 51 180 120
278 17.0 209.0 144.0 96.0
278 101 356 90 60
278 156 276 90 60
279 17.0 161.0 144.0 96.0
279 211 381 90 60
279 176 101 90 60
280 81.0 94.0 240.0 160.0
280 1 51 90 60
281 67.0 54.0 240.0 160.0
282 1.0 34.0 120.0 80.0
282 47.0 121.0 120.0 80.0
282 136 256 90 60
283 17.0 81.0 144.0 96.0
283 256 101 90 60
283 101.0 287.0 120.0 80.0
283 211 181 90 60
283 201.0 1.0 144.0 96.0
283 247.0 294.0 120.0 80.0
283 296 221 90 60
284 25.0 177.0 144.0 96.0
284 221 166 90 60
284 11 41 90 60
284 196 71 90 60
285 81.0 54.0 240.0 160.0
286 21.0 154.0 120.0 80.0
286 209.0 89.0 144.0 96.0
286 187.0 241.0 120.0 80.0
286 351 116 90 60
287 17.0 145.0 144.0 96.0
287 236 211 90 60
287 113.0 49.0 144.0 96.0
287 131 236 90 60
288 49.0 81.0 144.0 96.0
288 306 191 90 60
288 206 31 90 60
288 351 86 90 60
289 27.0 107.0 240.0 160.0
289 66 306 90 60
289 61.0 1.0 120.0 80.0
289 186 1 90 60
289 41 381 90 60
290 71 206 90 60
290 11 281 90 60
290 86 141 90 60
290 16 56 90 60
290 161.0 301.0 120.0 80.0
290 121 6 90 60
291 65.0 129.0 144.0 96.0
291 206 186 90 60
291 206 271 90 60
291 186 66 90 60
292 61 196 90 60
292 76 131 90 60
292 316 171 90 60
292 141 66 90 60
293 14.0 67.0 240.0 160.0
293 314.0 107.0 120.0 80.0
293 296 36 90 60
294 46 106 90 60
294 116 46 90 60
294 227.0 74.0 120.0 80.0
294 171 181 90 60
294 211 336 90 60
294 56 261 90 60
294 51 166 90 60
295 61 131 180 120
295 301 221 90 60
295 296 51 90 60
295 286 111 90 60
296 1.0 174.0 120.0 80.0
296 207.0 114.0 120.0 80.0
296 129.0 241.0 144.0 96.0
296 296 21 90 60
297 46 211 90 60
297 66 86 90 60
297 61 331 90 60
298 101 91 90 60
298 111 261 90 60
299 17.0 105.0 144.0 96.0
299 151 246 90 60
299 211 311 90 60
299 116 306 90 60
300 41 241 180 120
300 127.0 87.0 120.0 80.0
300 56 26 90 60
300 41 141 90 60
301 9.0 193.0 144.0 96.0
301 111 76 90 60
302 61.0 114.0 120.0 80.0
302 261.0 81.0 120.0 80.0
303 31 121 180 120
303 57.0 249.0 144.0 96.0
304 1.0 21.0 360.0 240.0
304 346 181 90 60
305 25.0 113.0 144.0 96.0
305 185.0 233.0 144.0 96.0
305 281 81 90 60
305 316 156 90 60
306 36 351 90 60
306 31 51 90 60
306 46 196 90 60
306 156 151 90 60
306 171 286 90 60
306 56 266 90 60
306 146 346 90 60
307 21.0 41.0 360.0 240.0
308 41.0 67.0 240.0 160.0
309 14.0 67.0 240.0 160.0
309 316 356 90 60
309 246 301 90 60
309 261.0 161.0 120.0 80.0
309 131 321 90 60
309 274.0 74.0 120.0 80.0
310 247.0 27.0 120.0 80.0
310 171 176 90 60
310 1 106 90 60
310 276 206 90 60
310 261 106 90 60
310 1 201 90 60
310 61.0 21.0 120.0 80.0
310 121 236 90 60
311 127.0 121.0 120.0 80.0
311 161.0 34.0 120.0 80.0
311 246 156 90 60
311 331 236 90 60
312 76 256 90 60
312 17.0 113.0 144.0 96.0
312 246 36 90 60
312 241 171 90 60
313 1.0 97.0 144.0 96.0
313 66 201 90 60
313 251 191 180 120
314 27.0 81.0 240.0 160.0
314 296 101 90 60
315 71 121 180 120
315 76 321 90 60
315 66 46 90 60
316 54.0 67.0 240.0 160.0
317 61 186 90 60
317 246 91 90 60
317 136 1 90 60
317 274.0 334.0 120.0 80.0
317 146 226 90 60
317 161 351 90 60
317 21 326 90 60
318 14.0 141.0 120.0 80.0
318 146 271 90 60
318 216 81 90 60
318 101 381 90 60
318 161 201 90 60
318 121 86 90 60
319 61.0 34.0 120.0 80.0
319 47.0 334.0 120.0 80.0
319 41 161 180 120
320 1.0 41.0 360.0 240.0
320 361 66 90 60
320 361 1 90 60
321 67.0 67.0 240.0 160.0
321 16 231 90 60
321 346 6 90 60
322 161 121 180 120
322 1.0 134.0 120.0 80.0
322 161 266 90 60
322 127.0 41.0 120.0 80.0
322 276 61 90 60
322 316 251 90 60
322 31 26 90 60
323 14.0 141.0 120.0 80.0
323 67.0 221.0 120.0 80.0
323 154.0 367.0 120.0 80.0
323 127.0 47.0 120.0 80.0
323 46 386 90 60
323 266 286 90 60
323 271 71 90 60
324 31 121 180 120
324 174.0 41.0 120.0 80.0
324 236 316 90 60
324 336 251 90 60
324 331 321 90 60
324 66 246 90 60
324 246 216 90 60
325 27.0 134.0 120.0 80.0
325 221 91 90 60
325 147.0 174.0 120.0 80.0
326 41.0 241.0 144.0 96.0
326 281.0 41.0 120.0 80.0
326 131 121 90 60
326 121 51 90 60
327 21.0 21.0 360.0 240.0
328 31 71 180 120
328 246 156 90 60
328 351 241 90 60
328 221 221 90 60
329 25.0 233.0 144.0 96.0
329 141 116 90 60
329 211 296 90 60
329 296 156 90 60
329 227.0 54.0 120.0 80.0
330 41.0 54.0 240.0 160.0
330 81 241 90 60
331 47.0 207.0 120.0 80.0
331 166 286 90 60
331 56 6 90 60
331 266 151 90 60
331 311 311 90 60
331 176 126 90 60
331 311 26 90 60
331 306 246 90 60
332 91 171 180 120
332 11 1 90 60
332 296 356 90 60
332 221 91 90 60
332 291 21 90 60
332 336 81 90 60
332 6 261 90 60
332 1 201 90 60
332 141.0 301.0 120.0 80.0
333 181 61 180 120
333 346 181 90 60
334 54.0 41.0 240.0 160.0
334 346 101 90 60
335 27.0 67.0 240.0 160.0
335 14.0 314.0 120.0 80.0
335 141.0 287.0 120.0 80.0
336 276 106 90 60
336 41.0 74.0 120.0 80.0
336 166 171 90 60
336 267.0 167.0 120.0 80.0
337 61 131 180 120
337 136 381 90 60
337 206 256 90 60
337 137.0 9.0 144.0 96.0
338 1.0 161.0 240.0 160.0
338 141.0 81.0 120.0 80.0
339 121.0 121.0 144.0 96.0
339 289.0 41.0 144.0 96.0
339 56 36 90 60
339 236 246 90 60
339 346 226 90 60
340 27.0 94.0 120.0 80.0
340 36 246 90 60
340 276 66 90 60
340 321 216 90 60
340 294.0 134.0 120.0 80.0
340 156 81 90 60
340 156 216 90 60
341 34.0 107.0 120.0 80.0
341 261 241 90 60
341 233.0 81.0 144.0 96.0
342 161 201 90 60
342 161 111 90 60
343 25.0 129.0 144.0 96.0
343 186 51 90 60
343 321 176 90 60
343 216 261 90 60
343 166 191 90 60
343 111 286 90 60
343 321 111 90 60
343 191 126 90 60
344 61 71 180 120
345 49.0 89.0 144.0 96.0
346 17.0 177.0 144.0 96.0
346 101 321 90 60
346 241 56 90 60
346 121 51 90 60
347 41.0 137.0 144.0 96.0
347 316 141 90 60
347 146 66 90 60
348 51 216 90 60
348 71 61 90 60
348 146 341 90 60
349 34.0 141.0 120.0 80.0
349 171 231 90 60
349 296 126 90 60
349 321 226 90 60
349 214.0 47.0 120.0 80.0
350 76 221 90 60
350 11 71 90 60
350 71 376 90 60
350 141 296 90 60
350 1 321 90 60
350 181 36 90 60
350 181 206 90 60
351 76 291 90 60
351 141 156 90 60
351 106 56 90 60
351 236 221 90 60
351 26 386 90 60
352 41.0 181.0 120.0 80.0
352 116 346 90 60
352 206 106 90 60
352 231 326 90 60
353 1.0 41.0 360.0 240.0
353 281 271 90 60
354 61.0 141.0 120.0 80.0
354 291 261 90 60
354 246 11 90 60
354 336 51 90 60
354 9.0 9.0 144.0 96.0
355 34.0 74.0 120.0 80.0
355 241 241 90 60
355 201 166 90 60
355 221.0 34.0 120.0 80.0
355 1 276 90 60
356 254.0 121.0 120.0 80.0
356 81 136 90 60
356 321 26 90 60
356 66 46 90 60
356 89.0 209.0 144.0 96.0
356 281 231 90 60
357 27.0 67.0 240.0 160.0
357 346 76 90 60
357 1 221 90 60
358 41.0 209.0 144.0 96.0
358 11 336 90 60
358 16 76 90 60
358 126 316 90 60
358 111 121 90 60
358 6 136 90 60
359 31 91 180 120
359 211 26 90 60
360 1.0 41.0 360.0 240.0
360 356 196 90 60
361 154.0 114.0 120.0 80.0
361 311 41 90 60
361 11 176 90 60
361 221 26 90 60
362 34.0 201.0 120.0 80.0
362 21.0 341.0 120.0 80.0
362 17.0 41.0 144.0 96.0
362 171 16 90 60
362 106 136 90 60
362 141.0 341.0 120.0 80.0
363 73.0 97.0 144.0 96.0
363 226 61 90 60
363 151 266 90 60
363 346 91 90 60
363 6 296 90 60
363 16 196 90 60
363 356 211 90 60
364 25.0 273.0 144.0 96.0
364 121.0 41.0 144.0 96.0
364 191 371 90 60
365 61 101 180 120
365 261 46 90 60
366 61 111 90 60
366 221.0 27.0 120.0 80.0
366 231 136 90 60
366 351 26 90 60
366 346 121 90 60
367 41.0 145.0 144.0 96.0
367 265.0 9.0 144.0 96.0
367 106 11 90 60
367 301.0 261.0 120.0 80.0
367 241 131 90 60
368 1.0 21.0 360.0 240.0
369 34.0 114.0 120.0 80.0
369 185.0 177.0 144.0 96.0
369 16 266 90 60
369 176 351 90 60
370 21 121 90 60
370 209.0 41.0 144.0 96.0
370 361 116 90 60
370 116 116 90 60
370 116 56 90 60
371 111 121 90 60
371 131 266 90 60
371 146 326 90 60
372 21 111 180 120
372 356 61 90 60
372 356 186 90 60
372 46 26 90 60
372 176 226 90 60
372 206 96 90 60
373 11 191 180 120
373 186 271 90 60
373 231 16 90 60
374 67.0 54.0 240.0 160.0
374 301 96 90 60
374 116 216 90 60
375 33.0 273.0 144.0 96.0
375 34.0 141.0 120.0 80.0
375 116 21 90 60
375 167.0 354.0 120.0 80.0
375 186 111 90 60
376 49.0 105.0 144.0 96.0
376 251 286 90 60
376 196 196 90 60
377 57.0 177.0 144.0 96.0
377 156 16 90 60
377 361 46 90 60
377 216 91 90 60
378 81.0 41.0 240.0 160.0
379 326 156 90 60
379 51 266 90 60
379 46 66 90 60
379 194.0 41.0 120.0 80.0
379 191 266 90 60
379 356 271 90 60
379 226 121 90 60
379 321.0 1.0 120.0 80.0
380 61.0 107.0 120.0 80.0
380 27.0 1.0 120.0 80.0
380 25.0 217.0 144.0 96.0
380 331 256 90 60
380 226 256 90 60
381 27.0 187.0 120.0 80.0
381 166 371 90 60
382 14.0 101.0 120.0 80.0
382 306 51 90 60
382 181 226 90 60
382 356 226 90 60
382 226 101 90 60
382 11 231 90 60
382 136 76 90 60
383 31 111 180 120
383 225.0 209.0 144.0 96.0
383 341 6 90 60
383 256 146 90 60
384 67.0 81.0 240.0 160.0
385 21.0 214.0 120.0 80.0
385 196 146 90 60
385 121 301 90 60
385 191 206 90 60
385 206 341 90 60
385 201 1 90 60
385 206 71 90 60
386 21 171 180 120
386 187.0 34.0 120.0 80.0
387 134.0 54.0 240.0 160.0
387 6 171 90 60
387 1.0 61.0 120.0 80.0
388 21.0 81.0 360.0 240.0
389 81.0 81.0 240.0 160.0
390 73.0 193.0 144.0 96.0
390 101 291 90 60
391 131 51 180 120
391 6 46 90 60
392 57.0 137.0 144.0 96.0
392 26 231 90 60
392 331 151 90 60
393 41.0 174.0 240.0 160.0
393 36 336 90 60
393 1.0 1.0 120.0 80.0
394 17.0 33.0 144.0 96.0
394 316 6 90 60
395 21 66 90 60
395 31 271 90 60
396 21 61 180 120
397 7.0 127.0 120.0 80.0
397 241 136 90 60
397 131 76 90 60
397 94.0 261.0 120.0 80.0
397 181 1 90 60
397 121 196 90 60
397 296 26 90 60
397 261 211 90 60
398 31 241 180 120
398 31 31 180 120
399 21.0 81.0 360.0 240.0
399 181 11 90 60
399 41 31 90 60
400 94.0 294.0 120.0 80.0
400 9.0 73.0 144.0 96.0
401 236 86 90 60
401 236 146 90 60
401 1.0 113.0 144.0 96.0
401 146 176 90 60
401 151 41 90 60
402 107.0 7.0 120.0 80.0
402 61.0 321.0 120.0 80.0
402 101 151 180 120
402 7.0 81.0 120.0 80.0
402 131 86 90 60
403 41.0 121.0 120.0 80.0
403 274.0 47.0 120.0 80.0
403 26 206 90 60
403 176 116 90 60
403 161 176 90 60
404 14.0 81.0 240.0 160.0
404 321.0 141.0 120.0 80.0
405 71 131 180 120
405 327.0 194.0 120.0 80.0
405 249.0 273.0 144.0 96.0
405 26 36 90 60
405 57.0 265.0 144.0 96.0
405 247.0 101.0 120.0 80.0
406 21 181 90 60
406 206 271 90 60
406 14.0 247.0 120.0 80.0
406 166 106 90 60
406 96 31 90 60
407 1.0 81.0 360.0 240.0
408 41.0 54.0 120.0 80.0
408 234.0 127.0 120.0 80.0
409 25.0 161.0 144.0 96.0
409 156 266 90 60
409 201 176 90 60
409 6 101 90 60
410 34.0 121.0 120.0 80.0
410 47.0 214.0 120.0 80.0
410 14.0 14.0 120.0 80.0
410 136 291 90 60
410 287.0 267.0 120.0 80.0
411 14.0 34.0 120.0 80.0
411 214.0 141.0 120.0 80.0
411 6 161 90 60
411 261 221 90 60
412 41.0 61.0 360.0 240.0
413 121 156 90 60
413 116 226 90 60
414 1 71 180 120
415 41 221 180 120
415 61 41 180 120
415 331 91 90 60
416 27.0 67.0 240.0 160.0
416 301.0 221.0 120.0 80.0
416 21 6 90 60
417 14.0 121.0 120.0 80.0
417 161.0 27.0 240.0 160.0
417 236 221 90 60
417 126 186 90 60
418 14.0 67.0 240.0 160.0
418 326 71 90 60
419 67.0 81.0 240.0 160.0
419 216 21 90 60
419 256 251 90 60
419 46 246 90 60
419 141 241 90 60
420 111 131 90 60
420 81 246 90 60
420 21 41 90 60
420 6 181 90 60
420 1.0 314.0 120.0 80.0
420 241 111 90 60
420 221 191 90 60
421 41.0 57.0 144.0 96.0
421 111 171 90 60
422 41.0 67.0 240.0 160.0
423 14.0 61.0 120.0 80.0
423 94.0 214.0 120.0 80.0
423 91 326 90 60
423 161 6 90 60
423 161.0 65.0 144.0 96.0
424 141.0 134.0 120.0 80.0
424 271 261 90 60
424 257.0 57.0 144.0 96.0
425 31 101 180 120
425 261 151 90 60
426 21.0 121.0 120.0 80.0
426 134.0 234.0 120.0 80.0
427 21 131 90 60
427 21 241 90 60
427 21 36 90 60
427 16 341 90 60
428 54.0 81.0 240.0 160.0
428 281.0 34.0 120.0 80.0
428 141 241 90 60
429 51 61 180 120
429 54.0 354.0 120.0 80.0
429 47.0 187.0 120.0 80.0
429 211 311 90 60
430 1.0 21.0 360.0 240.0
430 361 171 90 60
431 41.0 187.0 120.0 80.0
431 251 6 90 60
431 241.0 201.0 144.0 96.0
431 196 76 90 60
432 25.0 177.0 144.0 96.0
432 161.0 61.0 120.0 80.0
432 167.0 367.0 120.0 80.0
433 126 131 90 60
433 94.0 261.0 120.0 80.0
433 266 61 90 60
433 41 91 90 60
433 231 201 90 60
433 66 1 90 60
433 361 286 90 60
434 26 301 90 60
434 26 71 90 60
434 131 21 90 60
434 236 171 90 60
435 56 66 90 60
435 41 361 90 60
435 171 161 90 60
435 136 316 90 60
436 7.0 107.0 120.0 80.0
436 91 301 90 60
437 21 141 180 120
437 121.0 33.0 144.0 96.0
437 206 151 90 60
437 326 51 90 60
437 126 271 90 60
438 27.0 121.0 240.0 160.0
438 346 246 90 60
438 361 136 90 60
439 17.0 169.0 144.0 96.0
439 114.0 347.0 120.0 80.0
439 41.0 267.0 120.0 80.0
440 14.0 101.0 120.0 80.0
440 166 56 90 60
440 231 271 90 60
440 101.0 181.0 120.0 80.0
441 41.0 214.0 240.0 160.0
441 186 106 90 60
441 31 41 90 60
442 7.0 167.0 120.0 80.0
442 87.0 14.0 120.0 80.0
443 67.0 94.0 240.0 160.0
444 14.0 81.0 240.0 160.0
444 116 241 90 60
444 116 311 90 60
445 191 131 180 120
445 131 41 90 60
445 11 111 90 60
445 1.0 227.0 120.0 80.0
446 111 126 90 60
446 21 141 90 60
446 341 56 90 60
447 106 166 90 60
447 34.0 47.0 120.0 80.0
447 301 221 90 60
448 49.0 241.0 144.0 96.0
448 1.0 7.0 120.0 80.0
448 221 246 90 60
448 41 376 90 60
448 231 101 90 60
448 126 146 90 60
448 141 336 90 60
449 121.0 214.0 120.0 80.0
449 66 46 90 60
449 21 366 90 60
449 1 161 90 60
449 114.0 347.0 120.0 80.0
449 256 76 90 60
449 266 356 90 60
450 33.0 113.0 144.0 96.0
450 196 211 90 60
451 54.0 67.0 240.0 160.0
452 1 241 180 120
452 206 31 90 60
452 11 26 90 60
453 177.0 105.0 144.0 96.0
453 351 76 90 60
453 31 26 90 60
453 56 91 90 60
453 191 221 90 60
453 361 171 90 60
453 291 241 90 60
454 57.0 185.0 144.0 96.0
454 201 241 90 60
455 105.0 89.0 144.0 96.0
455 267.0 107.0 120.0 80.0
455 6 56 90 60
456 61 101 180 120
456 36 296 90 60
456 186 31 90 60
456 201 266 90 60
457 1.0 41.0 360.0 240.0
458 41.0 167.0 120.0 80.0
458 201.0 354.0 120.0 80.0
458 46 321 90 60
458 151 111 90 60
458 251 221 90 60
458 51 46 90 60
459 21 286 90 60
459 106 1 90 60
459 211 231 90 60
459 116 361 90 60
459 201 81 90 60
459 111 251 90 60
459 1 1 90 60
459 131 136 90 60
459 1 346 90 60
459 16 76 90 60
459 6 211 90 60
459 31 141 90 60
460 54.0 54.0 240.0 160.0
460 71 211 90 60
460 361 126 90 60
461 57.0 217.0 144.0 96.0
461 11 61 90 60
461 127.0 87.0 120.0 80.0
462 271 21 180 120
462 137.0 113.0 144.0 96.0
463 31 121 180 120
463 26 16 90 60
463 251 211 90 60
463 361 11 90 60
463 346 281 90 60
464 34.0 114.0 120.0 80.0
464 186 171 90 60
464 196 26 90 60
464 61 286 90 60
465 54.0 114.0 120.0 80.0
465 241.0 127.0 120.0 80.0
465 261 26 90 60
466 61 101 180 120
466 326 11 90 60
466 211 11 90 60
466 46 6 90 60
466 351 76 90 60
466 226 241 90 60
467 17.0 33.0 144.0 96.0
467 11 151 90 60
467 81 281 90 60
467 71 366 90 60
467 41 221 90 60
468 56 281 90 60
468 21.0 67.0 120.0 80.0
469 33.0 137.0 144.0 96.0
469 111 261 90 60
469 81.0 27.0 120.0 80.0
469 176 161 90 60
470 207.0 221.0 120.0 80.0
470 121 181 90 60
471 54.0 81.0 240.0 160.0
471 341 186 90 60
471 156 16 90 60
471 326 76 90 60
471 221 251 90 60
471 56 281 90 60
471 31 11 90 60
471 271 1 90 60
472 46 366 90 60
472 31 6 90 60
472 106 201 90 60
472 161 1 90 60
472 41 96 90 60
473 14.0 161.0 240.0 160.0
473 86 101 90 60
473 289.0 9.0 144.0 96.0
473 286 326 90 60
474 21.0 41.0 360.0 240.0
475 221 31 90 60
475 67.0 121.0 240.0 160.0
475 14.0 287.0 120.0 80.0
475 316 116 90 60
476 21 366 90 60
476 16 81 90 60
476 61 246 90 60
476 166 201 90 60
476 151 346 90 60
476 136 46 90 60
477 186 31 90 60
477 41.0 94.0 240.0 160.0
477 126 261 90 60
478 1.0 121.0 240.0 160.0
479 25.0 265.0 144.0 96.0
479 11 86 90 60
479 181 86 90 60
479 26 206 90 60
480 81 56 90 60
480 21.0 227.0 120.0 80.0
480 151 136 90 60
480 356 161 90 60
481 1.0 21.0 360.0 240.0
481 346 56 90 60
482 25.0 65.0 144.0 96.0
482 221 41 90 60
483 1.0 101.0 360.0 240.0
483 36 51 90 60
483 247.0 27.0 120.0 80.0
484 31 161 90 60
484 286 181 90 60
484 141.0 154.0 120.0 80.0
484 291 86 90 60
485 21.0 161.0 120.0 80.0
485 161.0 21.0 120.0 80.0
486 14.0 94.0 240.0 160.0
486 91 251 90 60
486 251 186 90 60
486 346 231 90 60
487 26 81 90 60
487 126 196 90 60
487 121 136 90 60
487 356 176 90 60
487 191 261 90 60
487 321 61 90 60
487 76 311 90 60
488 31 116 90 60
488 121.0 233.0 144.0 96.0
488 209.0 9.0 144.0 96.0
488 341 116 90 60
488 41 191 90 60
488 161 146 90 60
489 27.0 81.0 240.0 160.0
489 261 86 90 60
489 341 181 90 60
489 356 121 90 60
490 33.0 169.0 144.0 96.0
490 256 276 90 60
490 11 296 90 60
490 161 291 90 60
491 25.0 145.0 144.0 96.0
491 196 51 90 60
491 161.0 209.0 144.0 96.0
491 167.0 114.0 120.0 80.0
492 21.0 94.0 120.0 80.0
492 81 231 90 60
493 111 151 180 120
493 294.0 27.0 120.0 80.0
493 146 301 90 60
493 7.0 274.0 120.0 80.0
493 251 306 90 60
493 26 56 90 60
494 25.0 177.0 144.0 96.0
494 206 151 90 60
494 166 226 90 60
495 27.0 54.0 240.0 160.0
495 101 256 90 60
496 21 141 180 120
496 301 136 90 60
496 231 216 90 60
497 49.0 89.0 144.0 96.0
498 27.0 67.0 240.0 160.0
498 51 226 90 60
498 216 231 90 60
498 266 161 90 60
499 54.0 21.0 120.0 80.0
499 61.0 127.0 120.0 80.0
499 54.0 241.0 120.0 80.0
499 54.0 347.0 120.0 80.0
499 171 326 90 60
500 214.0 101.0 120.0 80.0
500 121 81 90 60
500 121 166 90 60
501 86 111 90 60
501 191 96 90 60
501 111 46 90 60
501 86 206 90 60
501 251 181 90 60
502 7.0 281.0 120.0 80.0
502 21.0 54.0 120.0 80.0
502 201 266 90 60
502 131 1 90 60
502 227.0 147.0 120.0 80.0
502 81 391 90 60
503 21.0 21.0 360.0 240.0
504 16 171 90 60
504 11 236 90 60
504 6 16 90 60
504 61 91 90 60
505 31 131 180 120
505 231 146 90 60
505 331 191 90 60
505 226 216 90 60
505 176 46 90 60
505 296 46 90 60
505 11 46 90 60
506 61 131 90 60
506 301.0 121.0 120.0 80.0
506 351 51 90 60
506 196 181 90 60
507 1.0 174.0 120.0 80.0
507 41 41 90 60
507 146 221 90 60
507 185.0 113.0 144.0 96.0
507 16 311 90 60
508 27.0 81.0 240.0 160.0
508 254.0 34.0 120.0 80.0
509 14.0 94.0 240.0 160.0
510 246 261 90 60
510 21 101 180 120
511 51 71 180 120
511 207.0 181.0 120.0 80.0
511 256 51 90 60
512 27.0 81.0 240.0 160.0
512 266 176 90 60
512 161 1 90 60
512 321 16 90 60
512 127.0 274.0 120.0 80.0
512 314.0 261.0 120.0 80.0
513 67.0 81.0 240.0 160.0
513 221 261 90 60
513 56 271 90 60
513 346 136 90 60
513 336 276 90 60
513 91 21 90 60
514 54.0 94.0 120.0 80.0
514 185.0 129.0 144.0 96.0
514 186 246 90 60
514 161 11 90 60
515 1.0 54.0 240.0 160.0
515 296 206 90 60
516 111 211 90 60
516 81.0 107.0 120.0 80.0
516 336 231 90 60
516 114.0 7.0 120.0 80.0
517 41.0 21.0 360.0 240.0
518 31 86 90 60
518 276 26 90 60
518 351 271 90 60
518 151 36 90 60
518 291 206 90 60
518 154.0 261.0 120.0 80.0
518 31 26 90 60
518 176 106 90 60
519 25.0 81.0 144.0 96.0
519 81.0 281.0 144.0 96.0
519 146 221 90 60
519 46 376 90 60
520 1.0 21.0 360.0 240.0
521 129.0 49.0 144.0 96.0
521 346 146 90 60
521 31 251 180 120
521 346 71 90 60
521 361 6 90 60
521 41 26 90 60
521 191 166 90 60
521 311 206 90 60
522 49.0 89.0 144.0 96.0
522 73.0 209.0 144.0 96.0
522 156 26 90 60
523 9.0 169.0 144.0 96.0
523 1 266 90 60
523 261 316 90 60
523 211 6 90 60
523 151 151 90 60
524 54.0 107.0 120.0 80.0
524 341 211 90 60
524 111 251 90 60
524 206 161 90 60
524 209.0 17.0 144.0 96.0
525 74.0 74.0 120.0 80.0
525 201.0 81.0 240.0 160.0
525 41.0 234.0 120.0 80.0
526 31 141 90 60
526 266 231 90 60
526 134.0 154.0 120.0 80.0
526 321 156 90 60
526 196 36 90 60
526 256 96 90 60
527 14.0 94.0 240.0 160.0
528 11 66 90 60
528 16 256 90 60
528 181 161 90 60
528 11 316 90 60
529 54.0 167.0 120.0 80.0
529 46 76 90 60
530 116 196 90 60
530 61 271 180 120
530 61 56 90 60
531 16 136 90 60
531 214.0 221.0 120.0 80.0
531 281.0 21.0 120.0 80.0
531 126 16 90 60
531 116 201 90 60
531 361 196 90 60
532 41.0 41.0 360.0 240.0
533 221.0 34.0 120.0 80.0
533 161.0 193.0 144.0 96.0
533 56 261 90 60
533 341 1 90 60
534 97.0 49.0 144.0 96.0
534 21 191 180 120
534 254.0 134.0 120.0 80.0
534 201 291 90 60
534 351 16 90 60
535 311 146 90 60
535 226 226 90 60
535 61 116 90 60
535 161.0 121.0 120.0 80.0
535 66 186 90 60
535 331 236 90 60
535 306 66 90 60
536 41.0 134.0 240.0 160.0
536 311 116 90 60
537 211 216 90 60
537 71 191 90 60
537 201.0 27.0 240.0 160.0
537 51 131 90 60
538 81.0 81.0 240.0 160.0
539 46 131 90 60
539 151 141 180 120
540 27.0 81.0 240.0 160.0
541 101 111 180 120
541 106 16 90 60
541 281.0 187.0 120.0 80.0
541 76 251 90 60
541 273.0 9.0 144.0 96.0
541 341 271 90 60
542 54.0 81.0 240.0 160.0
543 107.0 67.0 240.0 160.0
544 57.0 113.0 144.0 96.0
544 211 216 90 60
544 166 56 90 60
545 1.0 41.0 360.0 240.0
546 41 191 180 120
546 201 51 180 120
546 276 181 90 60
547 14.0 167.0 120.0 80.0
547 236 206 90 60
547 21 311 90 60
548 1 141 180 120
548 106 276 90 60
548 221 356 90 60
548 86 356 90 60
548 176 1 90 60
548 191 191 90 60
549 17.0 57.0 144.0 96.0
549 241.0 81.0 144.0 96.0
549 87.0 167.0 120.0 80.0
549 51 271 90 60
549 236 216 90 60
550 14.0 7.0 120.0 80.0
550 134.0 134.0 240.0 160.0
551 61 81 180 120
551 266 16 90 60
551 321 116 90 60
551 236 236 90 60
552 51 71 180 120
553 27.0 54.0 120.0 80.0
553 201 201 90 60
554 25.0 265.0 144.0 96.0
554 21.0 67.0 120.0 80.0
554 171 386 90 60
554 161 121 90 60
554 211 241 90 60
554 186 6 90 60
554 196 311 90 60
555 1.0 94.0 120.0 80.0
555 121 261 90 60
556 207.0 201.0 120.0 80.0
556 71 231 90 60
556 116 151 90 60
557 14.0 81.0 240.0 160.0
557 226 16 90 60
557 246 211 90 60
557 76 21 90 60
558 1.0 114.0 120.0 80.0
558 346 11 90 60
558 1 201 90 60
558 147.0 61.0 120.0 80.0
558 225.0 161.0 144.0 96.0
559 33.0 241.0 144.0 96.0
559 6 21 90 60
559 121 121 90 60
559 154.0 27.0 120.0 80.0
559 21 356 90 60
560 25.0 89.0 144.0 96.0
560 106 186 90 60
560 266 226 90 60
560 136 6 90 60
561 54.0 147.0 240.0 160.0
561 286 51 90 60
562 151 66 90 60
562 161.0 154.0 120.0 80.0
562 46 176 90 60
562 21 16 90 60
563 14.0 107.0 120.0 80.0
563 16 16 90 60
563 286 1 90 60
563 41.0 201.0 120.0 80.0
563 273.0 169.0 144.0 96.0
563 141 101 90 60
563 241 61 90 60
563 136 26 90 60
564 27.0 87.0 120.0 80.0
564 234.0 214.0 120.0 80.0
564 46 231 90 60
564 246 36 90 60
564 316 116 90 60
564 141 231 90 60
564 211 146 90 60
565 27.0 81.0 240.0 160.0
565 266 181 90 60
566 241 66 90 60
566 65.0 121.0 144.0 96.0
566 1 11 90 60
566 174.0 234.0 120.0 80.0
566 276 181 90 60
567 25.0 137.0 144.0 96.0
567 66 61 90 60
567 166 146 90 60
568 27.0 221.0 120.0 80.0
568 106 156 90 60
568 81 46 90 60
568 121.0 341.0 120.0 80.0
569 41.0 145.0 144.0 96.0
570 9.0 113.0 144.0 96.0
570 151 171 90 60
570 161 231 90 60
571 54.0 161.0 240.0 160.0
571 251 96 90 60
571 261 31 90 60
571 236 351 90 60
572 21 151 180 120
572 201.0 314.0 120.0 80.0
572 221 26 90 60
572 226 111 90 60
572 136 81 90 60
572 26 281 90 60
573 34.0 114.0 120.0 80.0
573 311 141 90 60
573 11 36 90 60
573 286 256 90 60
573 331 81 90 60
573 296 16 90 60
574 54.0 94.0 240.0 160.0
575 73.0 297.0 144.0 96.0
575 33.0 113.0 144.0 96.0
575 241 291 90 60
575 227.0 61.0 120.0 80.0
575 226 361 90 60
575 226 146 90 60
576 1.0 21.0 360.0 240.0
577 54.0 81.0 240.0 160.0
577 273.0 1.0 144.0 96.0
577 321 231 90 60
578 33.0 153.0 144.0 96.0
578 251 46 90 60
578 186 166 90 60
579 17.0 137.0 144.0 96.0
579 31 241 90 60
579 141 351 90 60
579 121 261 90 60
579 153.0 25.0 144.0 96.0
579 246 151 90 60
579 51 21 90 60
579 236 216 90 60
580 54.0 114.0 120.0 80.0
580 221 206 90 60
580 291 26 90 60
581 21.0 121.0 120.0 80.0
581 291 146 90 60
582 51 151 180 120
582 146 41 90 60
582 287.0 7.0 120.0 80.0
582 231 116 90 60
582 227.0 194.0 120.0 80.0
583 81.0 201.0 144.0 96.0
583 176 86 90 60
583 336 216 90 60
583 271 151 90 60
583 126 26 90 60
584 21.0 61.0 360.0 240.0
585 14.0 61.0 120.0 80.0
585 251 36 90 60
585 194.0 121.0 120.0 80.0
585 181 226 90 60
586 11 141 180 120
586 206 21 90 60
586 194.0 207.0 120.0 80.0
586 187.0 301.0 120.0 80.0
586 356 296 90 60
587 27.0 201.0 240.0 160.0
587 147.0 121.0 120.0 80.0
587 1.0 67.0 120.0 80.0
587 86 366 90 60
588 14.0 81.0 240.0 160.0
588 251 231 90 60
589 14.0 121.0 120.0 80.0
589 316 231 90 60
589 321 41 90 60
589 156 61 90 60
590 1.0 21.0 360.0 240.0
591 67.0 207.0 120.0 80.0
591 27.0 61.0 120.0 80.0
591 241 151 90 60
591 176 46 90 60
591 346 181 90 60
592 41.0 107.0 240.0 160.0
592 241 36 90 60
593 97.0 121.0 144.0 96.0
593 231 221 90 60
593 97.0 321.0 144.0 96.0
593 177.0 9.0 144.0 96.0
594 27.0 114.0 120.0 80.0
594 216 126 90 60
594 161 186 90 60
595 41.0 161.0 144.0 96.0
595 236 316 90 60
596 41 131 180 120
596 251 1 90 60
596 301 231 90 60
596 316 106 90 60
597 41.0 167.0 120.0 80.0
597 156 231 90 60
598 81 61 180 120
598 281.0 33.0 144.0 96.0
599 7.0 147.0 120.0 80.0
599 249.0 105.0 144.0 96.0
599 131 256 90 60
599 241 241 90 60
600 17.0 97.0 144.0 96.0
600 311 1 90 60
600 106 201 90 60
600 216 181 90 60
601 65.0 41.0 144.0 96.0
601 156 201 90 60
602 116 141 90 60
602 301.0 147.0 120.0 80.0
602 174.0 14.0 120.0 80.0
602 201.0 267.0 120.0 80.0
602 21 246 90 60
603 27.0 147.0 240.0 160.0
603 136 306 90 60
603 216 381 90 60
603 251 281 90 60
604 21.0 54.0 120.0 80.0
604 31 256 90 60
604 196 321 90 60
604 121.0 167.0 120.0 80.0
604 27.0 367.0 120.0 80.0
604 171 61 90 60
605 301 126 90 60
605 206 51 90 60
605 57.0 161.0 144.0 96.0
605 6 31 90 60
606 21 106 90 60
606 291 156 90 60
607 14.0 94.0 240.0 160.0
607 276 151 90 60
607 266 31 90 60
608 21.0 41.0 360.0 240.0
608 61 296 90 60
609 11 121 180 120
609 216 201 90 60
609 331 191 90 60
609 131 1 180 120
610 31 71 180 120
610 351 61 90 60
610 171 6 90 60
611 151 141 90 60
611 261.0 114.0 120.0 80.0
611 271 21 90 60
611 151 56 90 60
611 107.0 207.0 120.0 80.0
612 81 231 180 120
612 16 181 90 60
613 121 121 90 60
613 181.0 27.0 120.0 80.0
613 276 251 90 60
614 1.0 141.0 120.0 80.0
614 211 71 90 60
614 246 246 90 60
614 256 381 90 60
615 14.0 81.0 240.0 160.0
616 41.0 81.0 144.0 96.0
616 287.0 167.0 120.0 80.0
616 236 66 90 60
617 51 251 90 60
617 33.0 321.0 144.0 96.0
617 17.0 33.0 144.0 96.0
617 41 136 90 60
617 166 106 90 60
617 236 171 90 60
618 146 76 90 60
618 131 291 90 60
618 51 36 90 60
618 151 231 90 60
618 241 56 90 60
618 51 96 90 60
619 1.0 61.0 360.0 240.0
620 11 81 180 120
620 331 21 90 60
620 356 121 90 60
620 273.0 185.0 144.0 96.0
621 1.0 9.0 144.0 96.0
621 61 171 90 60
621 216 166 90 60
622 81.0 67.0 240.0 160.0
622 206 11 90 60
623 211 216 90 60
623 151 336 90 60
623 47.0 141.0 120.0 80.0
623 297.0 233.0 144.0 96.0
623 271 16 90 60
623 261 86 90 60
623 311 346 90 60
624 41.0 187.0 240.0 160.0
624 96 71 90 60
625 11 61 180 120
625 181 141 180 120
625 171 1 90 60
626 1.0 41.0 360.0 240.0
627 25.0 153.0 144.0 96.0
627 161.0 34.0 120.0 80.0
627 1.0 47.0 120.0 80.0
628 9.0 113.0 144.0 96.0
628 141.0 34.0 120.0 80.0
628 206 326 90 60
628 116 336 90 60
628 6 326 90 60
628 7.0 7.0 120.0 80.0
628 226 231 90 60
628 106 276 90 60
629 67.0 94.0 240.0 160.0
629 316 101 90 60
630 41 171 180 120
630 193.0 41.0 144.0 96.0
630 251 261 90 60
630 291 321 90 60
631 21.0 81.0 360.0 240.0
632 16 86 90 60
632 107.0 134.0 120.0 80.0
632 306 181 90 60
632 281 121 90 60
633 1.0 41.0 360.0 240.0
634 46 161 90 60
634 51 46 90 60
634 1 236 90 60
635 65.0 113.0 144.0 96.0
635 281.0 87.0 120.0 80.0
635 11 26 90 60
635 341 191 90 60
635 206 176 90 60
635 221 16 90 60
636 74.0 154.0 120.0 80.0
636 314.0 1.0 120.0 80.0
636 6 1 90 60
636 161.0 47.0 120.0 80.0
636 153.0 233.0 144.0 96.0
636 11 81 90 60
637 49.0 41.0 144.0 96.0
637 31 281 180 120
638 74.0 161.0 120.0 80.0
638 111 346 90 60
638 111 281 90 60
639 41.0 214.0 120.0 80.0
639 14.0 34.0 120.0 80.0
640 136 286 90 60
640 16 81 90 60
640 226 81 90 60
640 41 151 180 120
640 116 346 90 60
640 251 261 90 60
641 61 156 90 60
641 14.0 61.0 120.0 80.0
641 251 266 90 60
641 141 36 90 60
642 21.0 181.0 120.0 80.0
642 101 21 90 60
642 274.0 74.0 120.0 80.0
643 1.0 241.0 144.0 96.0
643 16 46 90 60
643 211 186 90 60
643 114.0 334.0 120.0 80.0
643 21 341 90 60
643 161.0 33.0 144.0 96.0
644 21 211 180 120
644 121 21 90 60
645 111 86 90 60
645 106 166 90 60
645 226 261 90 60
645 236 26 90 60
645 336 176 90 60
645 346 91 90 60
645 56 271 90 60
646 31 81 180 120
647 91 131 90 60
647 181 81 90 60
647 181.0 367.0 120.0 80.0
647 14.0 187.0 240.0 160.0
647 11 41 90 60
647 1 116 90 60
647 276 231 90 60
648 27.0 54.0 240.0 160.0
648 276 121 90 60
649 131 136 90 60
649 216 16 90 60
649 226 241 90 60
649 356 221 90 60
649 61 221 90 60
649 241 101 180 120
649 81.0 41.0 120.0 80.0
649 1 156 90 60
649 46 281 90 60
650 137.0 81.0 144.0 96.0
651 56 101 90 60
651 281 201 90 60
651 336 56 90 60
652 21.0 21.0 360.0 240.0
653 21.0 327.0 120.0 80.0
653 27.0 7.0 120.0 80.0
653 176 361 90 60
653 106 241 90 60
653 196 236 90 60
653 86 116 90 60
653 111 181 90 60
654 21 101 180 120
654 61 11 90 60
654 211 171 90 60
655 1 321 180 120
655 216 111 90 60
655 206 11 90 60
655 191 291 90 60
655 86 196 90 60
655 11 261 90 60
656 201 171 90 60
656 31 211 90 60
656 221 96 90 60
656 41 1 90 60
657 21 181 90 60
657 51 256 90 60
658 27.0 241.0 240.0 160.0
658 14.0 41.0 240.0 160.0
659 11 121 180 120
659 151 11 180 120
659 211 131 90 60
660 41 111 180 120
660 291 196 90 60
660 296 86 90 60
660 201 271 90 60
661 27.0 114.0 120.0 80.0
661 166 221 90 60
661 241.0 134.0 120.0 80.0
661 266 246 90 60
661 174.0 27.0 120.0 80.0
662 51 91 90 60
662 181.0 41.0 120.0 80.0
662 181.0 121.0 120.0 80.0
663 49.0 113.0 144.0 96.0
663 221 41 90 60
663 356 256 90 60
663 36 221 90 60
664 71 226 90 60
664 136 76 90 60
665 51 121 180 120
665 206 11 90 60
665 201.0 347.0 120.0 80.0
665 156 241 90 60
666 14.0 121.0 240.0 160.0
666 316 196 90 60
666 241.0 41.0 144.0 96.0
667 21 41 180 120
667 11 251 180 120
668 41.0 289.0 144.0 96.0
668 1 81 180 120
668 231 156 90 60
668 91 1 90 60
668 181 256 90 60
668 54.0 207.0 120.0 80.0
669 34.0 54.0 120.0 80.0
669 34.0 321.0 120.0 80.0
669 25.0 137.0 144.0 96.0
669 181 306 90 60
669 171 126 90 60
670 81 121 180 120
670 211 1 90 60
670 351 241 90 60
670 126 46 90 60
670 241 266 90 60
671 49.0 89.0 144.0 96.0
671 266 251 90 60
671 11 226 90 60
671 265.0 121.0 144.0 96.0
672 14.0 94.0 240.0 160.0
672 266 121 90 60
673 25.0 105.0 144.0 96.0
673 186 21 90 60
673 171 126 90 60
673 361 241 90 60
673 314.0 1.0 120.0 80.0
674 25.0 161.0 144.0 96.0
674 276 216 90 60
674 166 206 90 60
674 161 1 180 120
675 21 81 180 120
675 16 231 90 60
675 21 1 90 60
675 211 186 90 60
676 174.0 154.0 120.0 80.0
676 14.0 27.0 120.0 80.0
676 121.0 329.0 144.0 96.0
676 41 166 90 60
676 306 181 90 60
676 256 46 90 60
677 6 171 90 60
677 226 186 90 60
677 247.0 14.0 120.0 80.0
677 226 96 90 60
678 51 81 180 120
678 276 81 90 60
678 26 236 90 60
678 306 171 90 60
679 145.0 81.0 144.0 96.0
680 27.0 174.0 240.0 160.0
681 1.0 41.0 360.0 240.0
682 21.0 81.0 120.0 80.0
682 161.0 67.0 240.0 160.0
683 81.0 227.0 120.0 80.0
683 94.0 114.0 120.0 80.0
683 346 286 90 60
683 256 136 90 60
683 201.0 249.0 144.0 96.0
684 1 101 180 120
684 207.0 301.0 120.0 80.0
684 311 91 90 60
684 276 6 90 60
685 21 91 180 120
685 256 181 90 60
685 346 206 90 60
685 336 61 90 60
686 67.0 14.0 240.0 160.0
686 311 86 90 60
687 16 326 90 60
687 11 61 180 120
687 81 256 90 60
688 41.0 41.0 360.0 240.0
689 27.0 67.0 240.0 160.0
690 21.0 74.0 120.0 80.0
690 151 231 90 60
690 186 326 90 60
690 186 46 90 60
690 41.0 161.0 120.0 80.0
691 73.0 241.0 144.0 96.0
691 16 136 90 60
691 136 26 90 60
692 14.0 147.0 240.0 160.0
692 87.0 314.0 120.0 80.0
693 31 151 180 120
693 141 356 90 60
694 7.0 121.0 120.0 80.0
694 281.0 61.0 120.0 80.0
694 96 211 90 60
694 156 101 90 60
694 291 196 90 60
694 176 261 90 60
694 121 31 90 60
695 9.0 121.0 144.0 96.0
696 177.0 121.0 144.0 96.0
696 81 136 90 60
696 236 221 90 60
696 234.0 14.0 120.0 80.0
697 33.0 225.0 144.0 96.0
697 11 91 180 120
697 51 11 90 60
697 331 301 90 60
697 327.0 67.0 120.0 80.0
698 111 141 90 60
698 209.0 145.0 144.0 96.0
698 11 46 90 60
698 307.0 67.0 120.0 80.0
698 111 26 90 60
698 316 6 90 60
699 67.0 81.0 240.0 160.0
699 301.0 14.0 120.0 80.0
700 81.0 129.0 144.0 96.0
700 191 236 90 60
700 351 276 90 60
700 81 31 90 60
700 31 221 90 60
700 326 111 90 60
701 14.0 54.0 240.0 160.0
701 271 196 90 60
701 294.0 41.0 120.0 80.0
701 351 136 90 60
702 61 231 180 120
702 31 61 90 60
703 47.0 81.0 120.0 80.0
703 346 106 90 60
703 236 116 90 60
704 51 36 90 60
704 34.0 254.0 120.0 80.0
704 89.0 97.0 144.0 96.0
704 181 201 90 60
704 181 281 90 60
705 33.0 145.0 144.0 96.0
705 16 246 90 60
705 267.0 294.0 120.0 80.0
705 81 71 90 60
705 306 6 90 60
706 17.0 161.0 144.0 96.0
706 196 31 90 60
706 166 121 90 60
706 196 306 90 60
707 21 101 180 120
707 147.0 7.0 120.0 80.0
708 25.0 193.0 144.0 96.0
708 141 41 180 120
709 61 141 180 120
709 1.0 61.0 120.0 80.0
710 1.0 241.0 120.0 80.0
711 6 116 90 60
711 51 286 90 60
711 106 351 90 60
711 81 11 180 120
711 91 211 90 60
712 41.0 67.0 240.0 160.0
712 286 11 90 60
713 27.0 254.0 240.0 160.0
713 41.0 14.0 240.0 160.0
714 21.0 181.0 120.0 80.0
714 21 261 90 60
714 231 271 90 60
714 151 361 90 60
714 66 56 90 60
714 167.0 67.0 120.0 80.0
715 21.0 107.0 120.0 80.0
715 101 226 90 60
715 236 41 90 60
715 356 196 90 60
715 361 81 90 60
715 1 46 90 60
716 14.0 67.0 120.0 80.0
717 21.0 187.0 120.0 80.0
717 181 86 90 60
717 141.0 207.0 120.0 80.0
717 156 6 90 60
717 176 146 90 60
717 116 326 90 60
718 1.0 21.0 360.0 240.0
719 1.0 209.0 144.0 96.0
719 146 271 90 60
719 171 81 90 60
719 176 201 90 60
720 101.0 147.0 120.0 80.0
720 94.0 61.0 120.0 80.0
720 221 101 90 60
720 214.0 214.0 120.0 80.0
721 61.0 167.0 120.0 80.0
721 76 26 90 60
721 167.0 254.0 120.0 80.0
721 221 191 90 60
721 206 31 90 60
722 74.0 341.0 120.0 80.0
722 61.0 47.0 120.0 80.0
722 21.0 181.0 120.0 80.0
722 174.0 107.0 120.0 80.0
723 156 201 90 60
723 134.0 274.0 120.0 80.0
723 34.0 101.0 120.0 80.0
723 171 356 90 60
723 36 261 90 60
724 94.0 121.0 240.0 160.0
724 361 186 90 60
724 94.0 27.0 120.0 80.0
725 21 131 180 120
725 361 11 90 60
725 121 71 90 60
726 25.0 121.0 144.0 96.0
726 196 96 90 60
726 311 206 90 60
726 351 131 90 60
727 9.0 353.0 144.0 96.0
727 67.0 254.0 120.0 80.0
727 41.0 41.0 240.0 160.0
728 67.0 54.0 240.0 160.0
729 153.0 89.0 144.0 96.0
729 41 136 90 60
729 346 236 90 60
729 27.0 27.0 120.0 80.0
729 306 156 90 60
730 21.0 41.0 360.0 240.0
731 47.0 154.0 120.0 80.0
731 87.0 287.0 120.0 80.0
731 91 386 90 60
731 106 51 90 60
731 196 31 90 60
732 331 11 90 60
732 54.0 41.0 240.0 160.0
732 326 216 90 60
732 66 221 90 60
733 9.0 113.0 144.0 96.0
733 174.0 74.0 120.0 80.0
733 321 101 90 60
733 287.0 7.0 120.0 80.0
733 316 191 90 60
733 36 21 90 60
733 76 231 90 60
734 21.0 81.0 360.0 240.0
734 356 16 90 60
735 1.0 41.0 144.0 96.0
735 305.0 73.0 144.0 96.0
736 311 16 90 60
736 33.0 121.0 144.0 96.0
736 231 151 90 60
736 326 231 90 60
736 221 36 90 60
736 231 231 90 60
737 17.0 121.0 144.0 96.0
737 301.0 14.0 120.0 80.0
738 107.0 181.0 120.0 80.0
738 11 26 90 60
738 86 116 90 60
738 86 336 90 60
738 26 256 90 60
739 266 196 90 60
739 151 141 90 60
739 11 226 90 60
739 126 21 90 60
739 34.0 107.0 120.0 80.0
739 301 131 90 60
739 251 31 90 60
739 166 211 90 60
740 34.0 147.0 120.0 80.0
740 141.0 287.0 120.0 80.0
740 176 116 90 60
740 51 26 90 60
740 296 46 90 60
741 71 131 180 120
741 46 306 90 60
741 356 131 90 60
742 14.0 207.0 120.0 80.0
742 246 56 90 60
742 241.0 207.0 120.0 80.0
742 1 56 90 60
742 87.0 101.0 120.0 80.0
743 33.0 241.0 144.0 96.0
743 101 346 90 60
744 16 86 90 60
745 26 101 90 60
745 121 226 90 60
745 216 181 90 60
745 121.0 14.0 240.0 160.0
745 36 36 90 60
746 54.0 147.0 120.0 80.0
746 31 66 90 60
746 34.0 234.0 120.0 80.0
746 276 241 90 60
747 241.0 113.0 144.0 96.0
747 101 231 90 60
747 161 26 90 60
747 201 206 90 60
748 21 101 180 120
748 201.0 354.0 120.0 80.0
748 221 111 90 60
748 47.0 334.0 120.0 80.0
748 185.0 209.0 144.0 96.0
749 97.0 73.0 144.0 96.0
749 246 11 90 60
749 111 316 90 60
749 346 16 90 60
749 314.0 247.0 120.0 80.0
749 251 101 180 120
750 87.0 234.0 120.0 80.0
750 51 41 180 120
750 231 301 90 60
750 271 206 90 60
751 161 81 90 60
751 14.0 67.0 120.0 80.0
751 265.0 97.0 144.0 96.0
752 21 41 180 120
752 186 151 90 60
753 27.0 54.0 240.0 160.0
753 51 271 180 120
754 41.0 141.0 120.0 80.0
754 1 1 90 60
754 316 181 90 60
754 106 16 90 60
754 361 251 90 60
755 14.0 94.0 240.0 160.0
755 251 146 90 60
755 271 216 90 60
756 21.0 61.0 360.0 240.0
757 54.0 227.0 120.0 80.0
757 49.0 329.0 144.0 96.0
757 9.0 57.0 144.0 96.0
757 36 166 90 60
757 166 41 90 60
757 201.0 227.0 120.0 80.0
757 256 326 90 60
758 51 81 180 120
759 81 271 180 120
760 51 101 180 120
760 116 1 90 60
760 231 261 90 60
760 51 271 90 60
761 17.0 65.0 144.0 96.0
761 191 216 90 60
762 67.0 121.0 240.0 160.0
762 61.0 41.0 120.0 80.0
763 51 271 180 120
763 1 51 180 120
763 181 106 90 60
764 33.0 177.0 144.0 96.0
764 101 101 90 60
764 161 311 90 60
764 41 276 90 60
765 71 86 90 60
765 185.0 25.0 144.0 96.0
765 314.0 174.0 120.0 80.0
766 46 276 90 60
766 121 1 90 60
767 191 31 180 120
767 1.0 187.0 240.0 160.0
767 291 251 90 60
768 11 191 180 120
768 67.0 14.0 240.0 160.0
768 136 381 90 60
769 41.0 41.0 360.0 240.0
770 121.0 147.0 120.0 80.0
770 356 251 90 60
770 31 186 90 60
771 1.0 61.0 360.0 240.0
772 73.0 201.0 144.0 96.0
772 1.0 49.0 144.0 96.0
772 356 301 90 60
773 181 141 180 120
773 227.0 27.0 120.0 80.0
773 56 286 90 60
773 131 46 90 60
774 21.0 41.0 360.0 240.0
774 271 286 90 60
775 7.0 107.0 120.0 80.0
775 127.0 61.0 120.0 80.0
775 146 211 90 60
775 174.0 321.0 120.0 80.0
776 34.0 61.0 120.0 80.0
776 147.0 227.0 120.0 80.0
776 61.0 307.0 120.0 80.0
776 54.0 147.0 120.0 80.0
777 34.0 94.0 120.0 80.0
777 226 31 90 60
777 127.0 207.0 120.0 80.0
777 186 91 90 60
778 41 96 90 60
778 101 16 90 60
779 71 206 90 60
780 27.0 67.0 240.0 160.0
780 116 386 90 60
780 131 271 90 60
781 41.0 227.0 240.0 160.0
781 101.0 61.0 120.0 80.0
782 41.0 257.0 144.0 96.0
782 196 316 90 60
783 16 286 90 60
783 76 96 90 60
783 167.0 161.0 120.0 80.0
784 51 121 180 120
784 217.0 9.0 144.0 96.0
785 27.0 54.0 240.0 160.0
785 6 261 90 60
786 14.0 107.0 120.0 80.0
786 361 296 90 60
786 193.0 225.0 144.0 96.0
786 247.0 14.0 120.0 80.0
786 156 41 90 60
787 54.0 67.0 240.0 160.0
787 247.0 347.0 120.0 80.0
787 161 231 90 60
788 21.0 41.0 360.0 240.0
789 33.0 177.0 144.0 96.0
789 206 271 90 60
789 41.0 65.0 144.0 96.0
789 186 126 90 60
790 14.0 81.0 240.0 160.0
790 273.0 145.0 144.0 96.0
791 49.0 193.0 144.0 96.0
791 71 31 180 120
791 191 176 90 60
792 107.0 94.0 240.0 160.0
792 296 41 90 60
793 87.0 67.0 120.0 80.0
793 47.0 307.0 120.0 80.0
793 51 231 90 60
794 41.0 121.0 240.0 160.0
794 301.0 214.0 120.0 80.0
794 301 131 90 60
794 111 36 90 60
795 27.0 54.0 240.0 160.0
795 266 36 90 60
796 61.0 21.0 360.0 240.0
796 16 286 90 60
797 31 51 180 120
797 296 136 90 60
798 21.0 41.0 360.0 240.0
798 356 11 90 60
799 34.0 187.0 120.0 80.0
799 246 146 90 60
799 156 146 90 60
799 241.0 41.0 144.0 96.0
800 14.0 54.0 240.0 160.0
800 41.0 217.0 144.0 96.0
800 266 166 90 60
800 236 256 90 60
800 286 96 90 60
801 191 101 90 60
801 166 201 90 60
801 356 46 90 60
801 51 236 90 60
801 67.0 121.0 120.0 80.0
802 107.0 81.0 240.0 160.0
803 101.0 1.0 120.0 80.0
803 11 201 180 120
803 294.0 214.0 120.0 80.0
803 194.0 327.0 120.0 80.0
803 267.0 134.0 120.0 80.0
803 361 311 90 60
804 51 81 180 120
804 221 36 90 60
804 261 186 90 60
804 351 96 90 60
804 361 166 90 60
805 265.0 193.0 144.0 96.0
805 49.0 177.0 144.0 96.0
805 221.0 27.0 120.0 80.0
805 346 106 90 60
805 221 136 90 60
806 41.0 41.0 240.0 160.0
806 41.0 241.0 240.0 160.0
806 291 121 90 60
807 21 101 180 120
807 326 16 90 60
807 246 206 90 60
807 331 261 90 60
807 236 66 90 60
808 174.0 34.0 120.0 80.0
808 306 156 90 60
808 33.0 81.0 144.0 96.0
808 111 186 90 60
808 6 191 90 60
808 316 91 90 60
808 321 1 90 60
809 41 71 180 120
810 21.0 114.0 120.0 80.0
810 151 101 90 60
811 17.0 57.0 144.0 96.0
811 61.0 274.0 120.0 80.0
811 96 206 90 60
811 226 376 90 60
812 21 71 180 120
812 281.0 114.0 120.0 80.0
813 41.0 97.0 144.0 96.0
813 196 176 90 60
814 27.0 114.0 120.0 80.0
814 321 101 90 60
814 254.0 254.0 120.0 80.0
814 331 11 90 60
814 211 36 90 60
815 1.0 194.0 120.0 80.0
815 81 76 90 60
815 361 51 90 60
815 316 201 90 60
815 211 46 90 60
815 356 111 90 60
815 41 6 90 60
815 174.0 107.0 120.0 80.0
816 54.0 101.0 120.0 80.0
816 27.0 267.0 120.0 80.0
817 76 121 90 60
817 11 266 90 60
817 21 201 90 60
817 21 331 90 60
818 21.0 21.0 360.0 240.0
819 46 156 90 60
819 276 136 90 60
820 57.0 129.0 144.0 96.0
820 346 31 90 60
820 206 51 90 60
821 36 201 90 60
821 56 376 90 60
821 41 61 90 60
821 186 126 90 60
821 127.0 241.0 120.0 80.0
821 151 356 90 60
822 97.0 217.0 144.0 96.0
822 121 76 90 60
822 106 156 90 60
823 41.0 54.0 240.0 160.0
824 41.0 214.0 240.0 160.0
824 7.0 21.0 120.0 80.0
824 147.0 67.0 120.0 80.0
825 17.0 113.0 144.0 96.0
825 296 256 90 60
825 236 16 90 60
825 147.0 201.0 120.0 80.0
825 106 36 90 60
826 31 106 90 60
826 51 186 90 60
826 296 111 90 60
827 16 101 90 60
827 51 391 90 60
827 106 306 90 60
827 111 56 90 60
827 56 171 90 60
828 31 311 90 60
828 34.0 74.0 120.0 80.0
828 116 216 90 60
828 81 381 90 60
829 81.0 94.0 240.0 160.0
829 321 221 90 60
830 21.0 187.0 120.0 80.0
830 146 166 90 60
830 209.0 65.0 144.0 96.0
830 176 356 90 60
830 66 271 90 60
830 233.0 201.0 144.0 96.0
830 291 341 90 60
831 11 201 180 120
831 276 31 90 60
831 236 281 90 60
831 233.0 89.0 144.0 96.0
831 116 336 90 60
832 14.0 67.0 240.0 160.0
832 321 191 90 60
832 301 256 90 60
833 33.0 137.0 144.0 96.0
833 201 36 90 60
833 356 271 90 60
833 186 301 90 60
833 36 1 90 60
833 6 301 90 60
833 321 26 90 60
834 27.0 94.0 240.0 160.0
834 321 166 90 60
835 1.0 61.0 120.0 80.0
835 136 66 90 60
835 156 136 90 60
835 47.0 347.0 120.0 80.0
836 34.0 187.0 120.0 80.0
836 321 261 90 60
836 121 31 90 60
836 171 101 90 60
836 146 256 90 60
836 301.0 181.0 120.0 80.0
836 1 301 90 60
836 211 161 90 60
837 101 81 180 120
837 301 111 90 60
838 54.0 54.0 240.0 160.0
838 281 191 90 60
839 67.0 67.0 240.0 160.0
839 31 251 90 60
839 141 231 90 60
839 136 11 90 60
840 41 141 180 120
840 161.0 14.0 120.0 80.0
840 226 341 90 60
841 33.0 97.0 144.0 96.0
841 296 141 90 60
841 196 241 90 60
842 331 86 90 60
842 311 191 90 60
842 27.0 107.0 120.0 80.0
842 151 1 90 60
842 206 226 90 60
843 26 116 90 60
843 136 86 90 60
844 105.0 121.0 144.0 96.0
844 261 36 90 60
844 156 46 90 60
844 56 56 90 60
844 256 116 90 60
844 281 201 90 60
845 14.0 141.0 120.0 80.0
845 7.0 274.0 120.0 80.0
846 33.0 161.0 144.0 96.0
846 301 61 90 60
846 186 166 90 60
847 81.0 161.0 120.0 80.0
847 47.0 74.0 120.0 80.0
848 31 211 180 120
848 316 56 90 60
848 341 151 90 60
849 21.0 41.0 360.0 240.0
850 31 81 90 60
850 129.0 17.0 144.0 96.0
850 25.0 185.0 144.0 96.0
850 151 111 90 60
850 281 161 90 60
851 31 161 180 120
851 231 256 90 60
851 111 76 90 60
851 261 161 90 60
852 41.0 41.0 360.0 240.0
853 27.0 187.0 120.0 80.0
853 17.0 25.0 144.0 96.0
853 21.0 321.0 120.0 80.0
854 21.0 21.0 360.0 240.0
855 33.0 113.0 144.0 96.0
855 176 56 90 60
855 176 371 90 60
856 206 336 90 60
856 17.0 105.0 144.0 96.0
856 196 266 90 60
856 196 141 90 60
857 7.0 107.0 120.0 80.0
857 61.0 214.0 120.0 80.0
857 321 36 90 60
857 221.0 107.0 120.0 80.0
857 1 6 90 60
857 101.0 1.0 120.0 80.0
857 236 201 90 60
858 1.0 101.0 120.0 80.0
858 34.0 267.0 120.0 80.0
858 281 176 90 60
858 1.0 187.0 120.0 80.0
858 236 16 90 60
859 81.0 273.0 144.0 96.0
859 11 371 90 60
859 91 26 90 60
860 21 151 180 120
860 121 331 90 60
861 41.0 54.0 240.0 160.0
861 61 356 90 60
861 276 326 90 60
861 66 276 90 60
861 251 246 90 60
862 25.0 281.0 144.0 96.0
862 147.0 54.0 120.0 80.0
862 187.0 314.0 120.0 80.0
862 101 206 90 60
862 106 146 90 60
863 74.0 87.0 120.0 80.0
863 27.0 201.0 240.0 160.0
864 21 131 180 120
864 286 6 90 60
864 231 181 90 60
865 14.0 194.0 120.0 80.0
865 34.0 41.0 120.0 80.0
865 86 361 90 60
865 196 296 90 60
865 166 201 90 60
865 151 141 90 60
865 106 301 90 60
865 61 126 90 60
866 27.0 161.0 120.0 80.0
866 107.0 307.0 120.0 80.0
866 176 241 90 60
867 11 151 180 120
867 266 206 90 60
867 196 116 90 60
867 356 286 90 60
868 9.0 169.0 144.0 96.0
868 266 376 90 60
868 291 11 90 60
868 11 271 90 60
869 14.0 107.0 240.0 160.0
869 341 161 90 60
870 154.0 241.0 120.0 80.0
870 196 141 90 60
870 121 336 90 60
871 41 166 90 60
871 254.0 194.0 120.0 80.0
871 289.0 73.0 144.0 96.0
872 21 121 90 60
872 287.0 67.0 120.0 80.0
872 161 176 90 60
872 191 111 90 60
873 34.0 107.0 120.0 80.0
873 154.0 94.0 120.0 80.0
874 21.0 61.0 120.0 80.0
874 146 141 90 60
874 251 236 90 60
874 141 61 90 60
875 301 171 90 60
875 9.0 137.0 144.0 96.0
875 301 1 90 60
875 241 291 90 60
875 106 291 90 60
875 41 76 90 60
876 81.0 134.0 120.0 80.0
876 241.0 14.0 120.0 80.0
876 286 241 90 60
876 166 236 90 60
877 61 236 90 60
878 67.0 67.0 240.0 160.0
878 356 131 90 60
879 1.0 127.0 120.0 80.0
879 27.0 261.0 120.0 80.0
879 256 1 90 60
880 57.0 89.0 144.0 96.0
880 21 381 90 60
880 227.0 21.0 120.0 80.0
880 194.0 181.0 120.0 80.0
880 16 11 90 60
880 214.0 367.0 120.0 80.0
880 214.0 281.0 120.0 80.0
880 9.0 241.0 144.0 96.0
881 54.0 67.0 240.0 160.0
882 49.0 121.0 144.0 96.0
882 276 31 90 60
882 211 256 90 60
882 196 86 90 60
882 41 26 90 60
882 87.0 221.0 120.0 80.0
883 81.0 107.0 120.0 80.0
883 266 221 90 60
884 41.0 161.0 144.0 96.0
884 17.0 297.0 144.0 96.0
884 34.0 7.0 120.0 80.0
884 161.0 301.0 120.0 80.0
885 67.0 81.0 240.0 160.0
885 251 236 90 60
885 346 106 90 60
886 67.0 67.0 240.0 160.0
886 186 226 90 60
887 41.0 187.0 240.0 160.0
887 121 51 180 120
887 331 271 90 60
887 276 336 90 60
887 1 341 90 60
888 17.0 129.0 144.0 96.0
888 186 331 90 60
888 161 136 90 60
888 191 31 90 60
888 16 281 90 60
889 41 91 180 120
890 11 101 180 120
890 136 331 90 60
891 36 181 90 60
891 1.0 94.0 120.0 80.0
891 106 311 90 60
892 105.0 137.0 144.0 96.0
892 17.0 41.0 144.0 96.0
892 166 241 90 60
893 1.0 21.0 360.0 240.0
893 341 256 90 60
894 81 96 90 60
894 1.0 174.0 120.0 80.0
894 291 56 90 60
894 196 61 90 60
894 281 131 90 60
894 54.0 261.0 120.0 80.0
894 156 156 90 60
894 281 216 90 60
894 41 16 90 60
895 47.0 47.0 120.0 80.0
895 14.0 241.0 120.0 80.0
895 166 116 90 60
895 289.0 169.0 144.0 96.0
896 47.0 114.0 120.0 80.0
896 156 211 90 60
896 291 36 90 60
896 246 221 90 60
896 231 121 90 60
897 114.0 121.0 120.0 80.0
897 351 46 90 60
897 36 261 90 60
898 111 51 180 120
898 16 296 90 60
898 105.0 265.0 144.0 96.0
898 21 86 90 60
899 141 101 90 60
899 121 191 90 60
899 276 126 90 60
899 1 51 90 60
900 1.0 21.0 360.0 240.0
900 71 256 90 60
901 14.0 101.0 120.0 80.0
901 289.0 49.0 144.0 96.0
901 26 221 90 60
902 41.0 177.0 144.0 96.0
902 226 286 90 60
903 46 86 90 60
903 174.0 94.0 120.0 80.0
903 26 216 90 60
903 91 356 90 60
903 191 6 90 60
903 66 1 90 60
903 187.0 307.0 120.0 80.0
903 16 146 90 60
904 41.0 57.0 144.0 96.0
904 81 346 90 60
904 154.0 241.0 120.0 80.0
904 186 56 90 60
904 31 206 90 60
905 47.0 74.0 120.0 80.0
905 166 296 90 60
905 206 121 90 60
905 166 31 90 60
905 11 391 90 60
905 211 191 90 60
905 11 6 90 60
907 41 106 90 60
907 21 181 90 60
907 336 46 90 60
907 129.0 129.0 144.0 96.0
907 326 166 90 60
907 201 241 90 60
907 146 46 90 60
907 361 236 90 60
908 34.0 127.0 120.0 80.0
908 246 241 90 60
909 27.0 94.0 240.0 160.0
909 281.0 274.0 120.0 80.0
909 306 86 90 60
910 101.0 67.0 120.0 80.0
910 176 376 90 60
910 167.0 221.0 120.0 80.0
910 266 111 90 60
910 261 301 90 60
910 11 171 90 60
910 7.0 274.0 120.0 80.0
910 131 151 90 60
911 47.0 161.0 120.0 80.0
911 181 91 90 60
911 56 86 90 60
911 51 6 90 60
911 146 31 90 60
911 166 166 90 60
911 216 316 90 60
911 236 16 90 60
912 14.0 34.0 120.0 80.0
912 47.0 227.0 120.0 80.0
912 226 371 90 60
912 146 101 90 60
913 31 91 180 120
913 201 211 90 60
913 321 211 90 60
914 49.0 81.0 144.0 96.0
914 76 256 90 60
915 26 136 90 60
915 174.0 121.0 240.0 160.0
915 101 76 90 60
915 61 236 90 60
916 17.0 153.0 144.0 96.0
916 196 191 90 60
916 121 51 90 60
916 26 271 90 60
917 54.0 81.0 240.0 160.0
917 281 236 90 60
917 266 31 90 60
918 1.0 41.0 360.0 240.0
919 36 276 90 60
919 14.0 121.0 120.0 80.0
919 216 206 90 60
919 166 76 90 60
920 17.0 113.0 144.0 96.0
920 106 21 90 60
920 276 181 90 60
921 21.0 1.0 360.0 240.0
922 61 146 90 60
922 61 26 90 60
922 56 241 90 60
922 289.0 113.0 144.0 96.0
923 61 101 180 120
923 346 91 90 60
924 49.0 105.0 144.0 96.0
924 114.0 354.0 120.0 80.0
924 146 256 90 60
925 167.0 141.0 120.0 80.0
925 25.0 89.0 144.0 96.0
925 361 126 90 60
926 21 121 180 120
927 57.0 105.0 144.0 96.0
927 136 226 90 60
927 36 221 90 60
928 105.0 97.0 144.0 96.0
928 11 41 90 60
929 14.0 107.0 120.0 80.0
929 41 356 90 60
929 236 76 90 60
929 251 216 90 60
929 176 296 90 60
929 146 51 90 60
929 57.0 185.0 144.0 96.0
929 11 296 90 60
930 21 141 180 120
930 271 321 90 60
930 221 11 90 60
930 256 221 90 60
930 321.0 1.0 120.0 80.0
930 196 116 90 60
930 126 61 90 60
930 21 261 180 120
931 1.0 61.0 360.0 240.0
931 211 11 90 60
931 361 106 90 60
931 16 296 90 60
931 121 296 90 60
932 33.0 129.0 144.0 96.0
932 341 51 90 60
933 96 66 90 60
933 66 141 90 60
933 241 141 90 60
934 47.0 214.0 120.0 80.0
934 57.0 49.0 144.0 96.0
934 241 136 90 60
934 211 211 90 60
934 341 266 90 60
935 41 101 180 120
935 14.0 1.0 120.0 80.0
935 256 1 90 60
935 346 46 90 60
935 346 136 90 60
936 36 111 90 60
937 14.0 54.0 120.0 80.0
937 91 316 90 60
937 87.0 207.0 120.0 80.0
937 1 296 90 60
937 161 1 90 60
937 6 156 90 60
938 134.0 47.0 120.0 80.0
938 151 191 90 60
938 146 126 90 60
938 246 221 90 60
939 21 201 180 120
939 196 11 90 60
939 21 126 90 60
939 226 311 90 60
940 33.0 161.0 144.0 96.0
940 316 146 90 60
940 241 76 90 60
940 356 56 90 60
941 41.0 41.0 360.0 240.0
942 27.0 167.0 120.0 80.0
942 191 126 90 60
942 191 206 90 60
943 11 231 180 120
943 116 46 90 60
943 16 11 90 60
943 196 276 90 60
944 51 101 180 120
944 226 171 90 60
945 67.0 147.0 240.0 160.0
945 356 201 90 60
946 11 121 180 120
946 361 136 90 60
946 254.0 27.0 120.0 80.0
946 247.0 221.0 120.0 80.0
946 6 291 90 60
947 41.0 61.0 360.0 240.0
948 14.0 194.0 120.0 80.0
948 154.0 147.0 120.0 80.0
948 141 231 90 60
948 196 41 90 60
949 1.0 21.0 360.0 240.0
949 346 81 90 60
950 36 96 90 60
950 316 146 90 60
951 27.0 134.0 120.0 80.0
951 196 186 90 60
951 231 366 90 60
951 171 286 90 60
951 147.0 107.0 120.0 80.0
951 166 26 90 60
952 121 261 180 120
952 14.0 81.0 240.0 160.0
952 106 21 90 60
953 31 71 180 120
953 236 31 90 60
954 25.0 161.0 144.0 96.0
954 87.0 74.0 120.0 80.0
954 161 16 90 60
955 41.0 94.0 120.0 80.0
955 267.0 7.0 120.0 80.0
955 236 226 90 60
955 336 136 90 60
956 61.0 94.0 120.0 80.0
956 249.0 137.0 144.0 96.0
956 186 66 90 60
957 21.0 81.0 360.0 240.0
957 294.0 1.0 120.0 80.0
958 41.0 107.0 120.0 80.0
958 361 181 90 60
959 171 111 180 120
959 34.0 294.0 120.0 80.0
959 294.0 227.0 120.0 80.0
960 21.0 61.0 120.0 80.0
960 74.0 347.0 120.0 80.0
960 54.0 221.0 120.0 80.0
960 221 191 90 60
961 21.0 174.0 120.0 80.0
961 7.0 341.0 120.0 80.0
961 147.0 221.0 120.0 80.0
961 236 46 90 60
962 61 221 180 120
962 114.0 94.0 120.0 80.0
962 281 236 90 60
962 241.0 314.0 120.0 80.0
962 141 351 90 60
962 291 36 90 60
963 7.0 134.0 120.0 80.0
963 1 56 90 60
963 246 111 90 60
963 156 51 90 60
963 151 206 90 60
963 346 66 90 60
963 251 181 90 60
964 31 221 180 120
964 127.0 347.0 120.0 80.0
964 141 1 90 60
964 271 276 90 60
964 276 171 90 60
965 41.0 177.0 144.0 96.0
965 186 286 90 60
965 171 351 90 60
966 21 96 90 60
966 121 221 90 60
966 151 26 90 60
966 267.0 7.0 120.0 80.0
966 86 156 90 60
966 36 1 90 60
966 233.0 209.0 144.0 96.0
967 81.0 67.0 240.0 160.0
967 316 11 90 60
967 346 161 90 60
968 67.0 54.0 240.0 160.0
968 251 241 90 60
968 96 221 90 60
969 49.0 241.0 144.0 96.0
969 281 116 90 60
970 49.0 105.0 144.0 96.0
970 256 211 90 60
970 361 76 90 60
970 11 201 90 60
970 221 141 90 60
971 41.0 81.0 240.0 160.0
971 336 131 90 60
972 41.0 113.0 144.0 96.0
972 296 31 90 60
972 336 191 90 60
972 61.0 274.0 120.0 80.0
972 156 371 90 60
972 211 236 90 60
972 321.0 274.0 120.0 80.0
972 174.0 21.0 120.0 80.0
973 11 281 180 120
973 17.0 65.0 144.0 96.0
973 246 166 90 60
973 176 51 90 60
974 1.0 67.0 240.0 160.0
974 361 56 90 60
974 266 6 90 60
974 346 121 90 60
975 27.0 81.0 120.0 80.0
975 331 261 90 60
975 151 51 90 60
976 1.0 94.0 240.0 160.0
976 121 26 90 60
977 47.0 147.0 120.0 80.0
977 51 261 90 60
977 56 41 90 60
978 41.0 94.0 240.0 160.0
978 281.0 81.0 120.0 80.0
979 14.0 107.0 240.0 160.0
979 156 291 90 60
979 261.0 141.0 120.0 80.0
979 327.0 61.0 120.0 80.0
980 41.0 94.0 240.0 160.0
980 346 126 90 60
981 67.0 94.0 240.0 160.0
981 326 196 90 60
981 141 36 90 60
981 341 106 90 60
981 231 21 90 60
982 1.0 107.0 240.0 160.0
983 7.0 114.0 120.0 80.0
983 234.0 141.0 120.0 80.0
983 41 221 90 60
983 41 51 90 60
983 326 31 90 60
984 106 301 90 60
984 76 156 90 60
984 231 11 90 60
984 186 366 90 60
984 161 231 90 60
984 147.0 81.0 120.0 80.0
985 54.0 41.0 240.0 160.0
986 21 81 180 120
986 161 391 90 60
986 216 121 90 60
986 151 196 90 60
987 81.0 81.0 240.0 160.0
987 131 241 90 60
988 7.0 194.0 120.0 80.0
988 46 91 90 60
988 161 371 90 60
988 241 6 90 60
989 27.0 41.0 240.0 160.0
989 281 91 90 60
990 67.0 54.0 240.0 160.0
991 21 101 180 120
991 106 31 90 60
991 211 31 90 60
991 161.0 265.0 144.0 96.0
991 291 81 90 60
991 301 391 90 60
991 251 166 90 60
992 17.0 177.0 144.0 96.0
992 66 66 90 60
992 36 276 90 60
992 134.0 267.0 120.0 80.0
992 191 56 90 60
993 14.0 107.0 240.0 160.0
993 296 66 90 60
993 301.0 161.0 120.0 80.0
993 176 46 90 60
994 21 96 90 60
994 101 246 90 60
994 174.0 87.0 120.0 80.0
994 81 36 90 60
994 276 216 90 60
994 351 76 90 60
994 1.0 161.0 120.0 80.0
995 14.0 134.0 120.0 80.0
995 47.0 254.0 120.0 80.0
996 26 236 90 60
996 9.0 89.0 144.0 96.0
996 266 141 90 60
996 151 246 90 60
997 113.0 177.0 144.0 96.0
997 233.0 9.0 144.0 96.0
998 41.0 67.0 240.0 160.0
998 361 176 90 60
998 331 71 90 60
999 14.0 147.0 120.0 80.0
999 134.0 21.0 120.0 80.0
999 56 261 90 60
999 301 76 90 60
1000 351 176 90 60
1000 17.0 121.0 144.0 96.0
1000 276 306 90 60
1000 301 246 90 60
1000 286 6 90 60
1000 67.0 27.0 120.0 80.0
1000 81.0 225.0 144.0 96.0
1000 281 116 90 60
