1 33 193 240 160
2 20 58 144 96
2 49 305 120 80
2 85 157 90 60
3 17 105 120 80
4 9 249 120 80
4 41 57 120 80
5 49 68 144 96
6 61 181 180 120
6 1 1 240 160
7 65 65 240 160
8 49 81 240 160
9 25 49 360 240
10 97 317 144 96
10 20 39 144 96
11 97 135 144 96
12 9 105 120 80
12 205 19 90 60
13 41 97 120 80
13 25 241 120 80
14 17 81 120 80
14 89 289 120 80
15 58 250 144 96
15 39 145 144 96
16 39 183 144 96
17 49 164 144 96
17 209 209 240 160
17 235 145 90 60
18 73 121 180 120
19 13 97 180 120
19 39 250 144 96
20 33 113 240 160
20 187 43 90 60
21 13 133 180 120
21 73 37 90 60
21 209 105 120 80
22 1 25 360 240
23 1 25 360 240
24 49 133 180 120
25 25 73 180 120
26 49 177 120 80
27 41 105 120 80
28 25 85 180 120
29 39 106 144 96
29 169 247 90 60
30 181 151 90 60
30 283 265 90 60
31 49 135 144 96
31 187 37 90 60
31 137 233 120 80
32 10 154 144 96
33 41 89 120 80
33 269 154 144 96
34 116 77 144 96
34 25 217 180 120
34 199 199 90 60
35 58 39 144 96
36 1 154 144 96
36 233 313 120 80
37 17 81 240 160
37 325 169 90 60
38 65 289 120 80
38 151 109 90 60
38 209 9 120 80
39 135 231 144 96
39 49 97 180 120
40 33 33 240 160
41 257 193 120 80
41 154 1 144 96
42 7 19 90 60
42 19 241 90 60
43 49 65 240 160
44 49 164 144 96
44 283 127 90 60
45 169 209 120 80
45 49 10 144 96
46 49 225 240 160
47 49 73 180 120
48 37 91 90 60
48 25 241 120 80
49 29 145 144 96
49 257 41 120 80
49 271 247 90 60
49 169 253 90 60
50 13 133 180 120
51 1 73 360 240
52 65 65 240 160
53 33 97 240 160
54 49 49 240 160
55 81 81 240 160
56 103 73 90 60
56 115 247 90 60
57 37 151 90 60
57 355 43 90 60
58 81 129 240 160
59 41 89 120 80
60 25 49 360 240
61 33 81 240 160
62 25 85 180 120
63 29 125 144 96
64 37 217 90 60
65 33 81 240 160
65 49 1 90 60
66 25 157 180 120
66 211 241 90 60
66 253 307 90 60
67 37 289 90 60
67 7 97 90 60
68 25 105 120 80
68 225 9 120 80
69 49 81 240 160
69 109 283 90 60
70 39 116 144 96
71 25 181 180 120
72 49 49 240 160
72 259 199 90 60
73 9 185 120 80
73 73 353 120 80
73 17 49 120 80
74 81 201 120 80
74 43 121 90 60
74 145 25 120 80
75 33 113 240 160
76 20 231 144 96
76 73 115 90 60
77 25 105 120 80
78 25 97 180 120
78 247 1 90 60
79 25 49 360 240
80 1 193 180 120
81 25 181 180 120
81 217 31 90 60
82 13 139 90 60
82 331 103 90 60
83 1 116 144 96
84 217 157 180 120
84 25 139 90 60
84 109 247 90 60
85 25 121 120 80
85 325 25 90 60
85 193 277 90 60
85 181 115 90 60
85 289 145 90 60
86 49 121 120 80
87 19 247 90 60
87 41 145 120 80
88 49 169 90 60
88 13 259 90 60
89 49 106 144 96
90 49 97 360 240
91 29 116 144 96
93 61 85 180 120
94 1 68 144 96
95 29 173 144 96
96 25 145 90 60
97 49 199 90 60
97 13 325 90 60
97 19 79 90 60
98 65 177 120 80
98 61 55 90 60
99 25 157 180 120
100 273 105 120 80
101 17 33 240 160
102 77 106 144 96
102 229 139 90 60
103 161 97 240 160
103 127 25 90 60
104 116 77 144 96
105 29 116 144 96
105 217 61 90 60
106 61 169 90 60
106 85 55 90 60
106 79 325 90 60
107 37 109 180 120
107 97 265 90 60
108 17 97 240 160
109 61 283 90 60
109 19 121 90 60
110 37 61 180 120
111 10 77 144 96
112 19 313 90 60
113 13 109 180 120
114 7 55 90 60
115 1 241 240 160
116 68 106 144 96
116 247 187 90 60
116 209 249 120 80
117 193 137 120 80
118 1 25 360 240
118 349 13 90 60
119 49 87 144 96
120 20 116 144 96
121 37 289 90 60
121 17 121 120 80
121 145 205 90 60
122 25 73 360 240
123 10 135 144 96
124 33 33 240 160
125 1 125 144 96
126 49 65 240 160
127 25 153 120 80
128 49 97 240 160
129 25 97 180 120
129 145 37 90 60
130 1 65 240 160
131 10 77 144 96
131 343 151 90 60
132 25 217 120 80
133 25 121 120 80
134 153 145 120 80
134 10 135 144 96
135 49 209 120 80
135 29 39 144 96
136 127 163 90 60
136 235 295 90 60
136 337 307 90 60
137 97 157 90 60
138 33 73 120 80
138 125 260 144 96
138 283 265 90 60
139 49 105 120 80
140 9 241 120 80
140 9 25 120 80
140 201 17 120 80
140 205 253 90 60
140 205 145 90 60
140 25 145 90 60
140 19 361 90 60
141 177 97 120 80
141 43 115 90 60
141 295 253 90 60
142 25 49 360 240
143 49 199 90 60
144 17 145 120 80
145 1 97 240 160
146 97 73 180 120
147 1 49 360 240
148 25 1 360 240
149 17 81 240 160
150 193 87 144 96
151 1 81 240 160
152 17 185 120 80
152 163 211 90 60
152 185 89 120 80
153 65 81 120 80
153 29 289 144 96
153 177 241 120 80
154 41 193 120 80
154 235 55 90 60
155 41 185 120 80
156 49 105 120 80
157 68 164 144 96
158 97 97 180 120
159 41 193 120 80
159 43 55 90 60
159 43 355 90 60
160 29 77 144 96
161 10 135 144 96
162 17 65 240 160
163 97 81 240 160
163 319 31 90 60
164 49 97 144 96
165 25 73 360 240
166 33 49 240 160
167 65 105 120 80
168 25 177 120 80
168 57 65 120 80
168 81 337 120 80
169 25 109 90 60
170 79 61 90 60
170 13 271 90 60
171 1 49 360 240
172 73 277 90 60
173 58 135 144 96
173 181 289 90 60
174 13 217 180 120
174 187 349 90 60
174 209 249 120 80
175 17 97 240 160
176 25 73 360 240
177 25 229 180 120
178 17 241 240 160
179 1 241 240 160
179 235 43 90 60
179 121 133 90 60
180 41 153 120 80
180 295 229 90 60
181 57 169 120 80
182 41 225 120 80
182 25 49 120 80
183 17 81 240 160
184 1 281 120 80
184 25 65 120 80
185 1 25 360 240
186 25 49 360 240
187 13 121 180 120
187 225 185 120 80
188 1 73 360 240
189 295 151 90 60
190 1 73 360 240
190 319 25 90 60
191 1 225 240 160
191 55 49 90 60
191 61 145 90 60
192 1 109 180 120
192 193 109 90 60
193 9 113 120 80
193 49 225 120 80
193 223 235 90 60
193 319 163 90 60
194 129 321 120 80
194 1 33 120 80
194 73 187 90 60
195 33 97 240 160
195 169 37 90 60
196 58 97 144 96
196 85 19 90 60
197 37 121 90 60
197 79 199 90 60
198 43 73 90 60
198 25 199 90 60
198 133 37 90 60
198 229 247 90 60
199 85 121 180 120
200 17 65 240 160
